(kicad_pcb (version 20171130) (host pcbnew "(5.1.10)-1")

  (general
    (thickness 1.6)
    (drawings 29)
    (tracks 128)
    (zones 0)
    (modules 48)
    (nets 24)
  )

  (page A3)
  (layers
    (0 F.Cu signal)
    (31 B.Cu signal)
    (32 B.Adhes user hide)
    (33 F.Adhes user hide)
    (34 B.Paste user)
    (35 F.Paste user)
    (36 B.SilkS user)
    (37 F.SilkS user)
    (38 B.Mask user)
    (39 F.Mask user)
    (40 Dwgs.User user)
    (41 Cmts.User user)
    (42 Eco1.User user)
    (43 Eco2.User user)
    (44 Edge.Cuts user)
    (45 Margin user)
    (46 B.CrtYd user)
    (47 F.CrtYd user)
  )

  (setup
    (last_trace_width 0.635)
    (user_trace_width 0.635)
    (user_trace_width 1.27)
    (trace_clearance 0.254)
    (zone_clearance 0.2032)
    (zone_45_only no)
    (trace_min 0.254)
    (via_size 0.889)
    (via_drill 0.635)
    (via_min_size 0.889)
    (via_min_drill 0.508)
    (uvia_size 0.508)
    (uvia_drill 0.127)
    (uvias_allowed no)
    (uvia_min_size 0.508)
    (uvia_min_drill 0.127)
    (edge_width 0.1)
    (segment_width 0.2)
    (pcb_text_width 0.3)
    (pcb_text_size 1.5 1.5)
    (mod_edge_width 0.15)
    (mod_text_size 1 1)
    (mod_text_width 0.15)
    (pad_size 1.5 1.5)
    (pad_drill 0.6)
    (pad_to_mask_clearance 0)
    (aux_axis_origin 0 0)
    (grid_origin 66.04 35.5346)
    (visible_elements 7FFFFF7F)
    (pcbplotparams
      (layerselection 0x010f0_ffffffff)
      (usegerberextensions true)
      (usegerberattributes true)
      (usegerberadvancedattributes true)
      (creategerberjobfile true)
      (excludeedgelayer true)
      (linewidth 0.150000)
      (plotframeref false)
      (viasonmask false)
      (mode 1)
      (useauxorigin false)
      (hpglpennumber 1)
      (hpglpenspeed 20)
      (hpglpendiameter 15.000000)
      (psnegative false)
      (psa4output false)
      (plotreference true)
      (plotvalue true)
      (plotinvisibletext false)
      (padsonsilk false)
      (subtractmaskfromsilk false)
      (outputformat 1)
      (mirror false)
      (drillshape 0)
      (scaleselection 1)
      (outputdirectory "PLOTS/"))
  )

  (net 0 "")
  (net 1 GND)
  (net 2 /V1)
  (net 3 "Net-(C3-Pad1)")
  (net 4 /V5)
  (net 5 "Net-(C8-Pad1)")
  (net 6 /V3)
  (net 7 /V4)
  (net 8 /V6)
  (net 9 /V7)
  (net 10 /V10)
  (net 11 /V8)
  (net 12 /V9)
  (net 13 /V2)
  (net 14 VCCRL)
  (net 15 VINLR)
  (net 16 VOUTLR)
  (net 17 /V2A)
  (net 18 /V7A)
  (net 19 /VCCLRF)
  (net 20 /VCCRLF)
  (net 21 VCCLR)
  (net 22 "Net-(Q3-Pad2)")
  (net 23 "Net-(Q6-Pad2)")

  (net_class Default "This is the default net class."
    (clearance 0.254)
    (trace_width 0.254)
    (via_dia 0.889)
    (via_drill 0.635)
    (uvia_dia 0.508)
    (uvia_drill 0.127)
    (diff_pair_width 0.254)
    (diff_pair_gap 0.25)
    (add_net /V1)
    (add_net /V10)
    (add_net /V2)
    (add_net /V2A)
    (add_net /V3)
    (add_net /V4)
    (add_net /V5)
    (add_net /V6)
    (add_net /V7)
    (add_net /V7A)
    (add_net /V8)
    (add_net /V9)
    (add_net /VCCLRF)
    (add_net /VCCRLF)
    (add_net GND)
    (add_net "Net-(C3-Pad1)")
    (add_net "Net-(C8-Pad1)")
    (add_net "Net-(Q3-Pad2)")
    (add_net "Net-(Q6-Pad2)")
    (add_net VCCLR)
    (add_net VCCRL)
    (add_net VINLR)
    (add_net VOUTLR)
  )

  (module Resistor_SMD:R_0805_2012Metric_Pad1.20x1.40mm_HandSolder (layer F.Cu) (tedit 5F68FEEE) (tstamp 617D397F)
    (at 279.44 97.5346 180)
    (descr "Resistor SMD 0805 (2012 Metric), square (rectangular) end terminal, IPC_7351 nominal with elongated pad for handsoldering. (Body size source: IPC-SM-782 page 72, https://www.pcb-3d.com/wordpress/wp-content/uploads/ipc-sm-782a_amendment_1_and_2.pdf), generated with kicad-footprint-generator")
    (tags "resistor handsolder")
    (path /617A561F)
    (attr smd)
    (fp_text reference R12 (at 0 2) (layer F.SilkS)
      (effects (font (size 1 1) (thickness 0.15)))
    )
    (fp_text value 10 (at 0 1.65) (layer F.Fab)
      (effects (font (size 1 1) (thickness 0.15)))
    )
    (fp_line (start -1 0.625) (end -1 -0.625) (layer F.Fab) (width 0.1))
    (fp_line (start -1 -0.625) (end 1 -0.625) (layer F.Fab) (width 0.1))
    (fp_line (start 1 -0.625) (end 1 0.625) (layer F.Fab) (width 0.1))
    (fp_line (start 1 0.625) (end -1 0.625) (layer F.Fab) (width 0.1))
    (fp_line (start -0.227064 -0.735) (end 0.227064 -0.735) (layer F.SilkS) (width 0.12))
    (fp_line (start -0.227064 0.735) (end 0.227064 0.735) (layer F.SilkS) (width 0.12))
    (fp_line (start -1.85 0.95) (end -1.85 -0.95) (layer F.CrtYd) (width 0.05))
    (fp_line (start -1.85 -0.95) (end 1.85 -0.95) (layer F.CrtYd) (width 0.05))
    (fp_line (start 1.85 -0.95) (end 1.85 0.95) (layer F.CrtYd) (width 0.05))
    (fp_line (start 1.85 0.95) (end -1.85 0.95) (layer F.CrtYd) (width 0.05))
    (fp_text user %R (at 0 0) (layer F.Fab)
      (effects (font (size 0.5 0.5) (thickness 0.08)))
    )
    (pad 1 smd roundrect (at -1 0 180) (size 1.2 1.4) (layers F.Cu F.Paste F.Mask) (roundrect_rratio 0.2083325)
      (net 14 VCCRL))
    (pad 2 smd roundrect (at 1 0 180) (size 1.2 1.4) (layers F.Cu F.Paste F.Mask) (roundrect_rratio 0.2083325)
      (net 20 /VCCRLF))
    (model ${KISYS3DMOD}/Resistor_SMD.3dshapes/R_0805_2012Metric.wrl
      (at (xyz 0 0 0))
      (scale (xyz 1 1 1))
      (rotate (xyz 0 0 0))
    )
  )

  (module Resistor_THT:R_Axial_DIN0207_L6.3mm_D2.5mm_P10.16mm_Horizontal (layer F.Cu) (tedit 5AE5139B) (tstamp 617D6AD3)
    (at 277.065 89.0346 180)
    (descr "Resistor, Axial_DIN0207 series, Axial, Horizontal, pin pitch=10.16mm, 0.25W = 1/4W, length*diameter=6.3*2.5mm^2, http://cdn-reichelt.de/documents/datenblatt/B400/1_4W%23YAG.pdf")
    (tags "Resistor Axial_DIN0207 series Axial Horizontal pin pitch 10.16mm 0.25W = 1/4W length 6.3mm diameter 2.5mm")
    (path /617B2CE5)
    (fp_text reference R11 (at 5.475 2.3) (layer F.SilkS)
      (effects (font (size 1 1) (thickness 0.15)))
    )
    (fp_text value 50 (at 5.08 2.37) (layer F.Fab)
      (effects (font (size 1 1) (thickness 0.15)))
    )
    (fp_line (start 1.93 -1.25) (end 1.93 1.25) (layer F.Fab) (width 0.1))
    (fp_line (start 1.93 1.25) (end 8.23 1.25) (layer F.Fab) (width 0.1))
    (fp_line (start 8.23 1.25) (end 8.23 -1.25) (layer F.Fab) (width 0.1))
    (fp_line (start 8.23 -1.25) (end 1.93 -1.25) (layer F.Fab) (width 0.1))
    (fp_line (start 0 0) (end 1.93 0) (layer F.Fab) (width 0.1))
    (fp_line (start 10.16 0) (end 8.23 0) (layer F.Fab) (width 0.1))
    (fp_line (start 1.81 -1.37) (end 1.81 1.37) (layer F.SilkS) (width 0.12))
    (fp_line (start 1.81 1.37) (end 8.35 1.37) (layer F.SilkS) (width 0.12))
    (fp_line (start 8.35 1.37) (end 8.35 -1.37) (layer F.SilkS) (width 0.12))
    (fp_line (start 8.35 -1.37) (end 1.81 -1.37) (layer F.SilkS) (width 0.12))
    (fp_line (start 1.04 0) (end 1.81 0) (layer F.SilkS) (width 0.12))
    (fp_line (start 9.12 0) (end 8.35 0) (layer F.SilkS) (width 0.12))
    (fp_line (start -1.05 -1.5) (end -1.05 1.5) (layer F.CrtYd) (width 0.05))
    (fp_line (start -1.05 1.5) (end 11.21 1.5) (layer F.CrtYd) (width 0.05))
    (fp_line (start 11.21 1.5) (end 11.21 -1.5) (layer F.CrtYd) (width 0.05))
    (fp_line (start 11.21 -1.5) (end -1.05 -1.5) (layer F.CrtYd) (width 0.05))
    (fp_text user %R (at 5.08 0) (layer F.Fab)
      (effects (font (size 1 1) (thickness 0.15)))
    )
    (pad 1 thru_hole circle (at 0 0 180) (size 1.6 1.6) (drill 0.8) (layers *.Cu *.Mask)
      (net 16 VOUTLR))
    (pad 2 thru_hole oval (at 10.16 0 180) (size 1.6 1.6) (drill 0.8) (layers *.Cu *.Mask)
      (net 1 GND))
    (model ${KISYS3DMOD}/Resistor_THT.3dshapes/R_Axial_DIN0207_L6.3mm_D2.5mm_P10.16mm_Horizontal.wrl
      (at (xyz 0 0 0))
      (scale (xyz 1 1 1))
      (rotate (xyz 0 0 0))
    )
  )

  (module Connector_Coaxial:SMA_Samtec_SMA-J-P-X-ST-EM1_EdgeMount (layer F.Cu) (tedit 5DAA3454) (tstamp 617A16E8)
    (at 217.84 95.5346 270)
    (descr "Connector SMA, 0Hz to 20GHz, 50Ohm, Edge Mount (http://suddendocs.samtec.com/prints/sma-j-p-x-st-em1-mkt.pdf)")
    (tags "SMA Straight Samtec Edge Mount")
    (path /6180367F)
    (attr smd)
    (fp_text reference P1 (at 0 -12.2 180) (layer F.SilkS)
      (effects (font (size 1 1) (thickness 0.15)))
    )
    (fp_text value BNC (at 0 13 90) (layer F.Fab)
      (effects (font (size 1 1) (thickness 0.15)))
    )
    (fp_line (start 0.84 -1.71) (end 1.95 -1.71) (layer F.SilkS) (width 0.12))
    (fp_line (start -1.95 -1.71) (end -0.84 -1.71) (layer F.SilkS) (width 0.12))
    (fp_line (start 0.84 2) (end 1.95 2) (layer F.SilkS) (width 0.12))
    (fp_line (start -1.95 2) (end -0.84 2) (layer F.SilkS) (width 0.12))
    (fp_line (start 3.68 2.6) (end 3.68 12.12) (layer B.CrtYd) (width 0.05))
    (fp_line (start 4 2.6) (end 3.68 2.6) (layer B.CrtYd) (width 0.05))
    (fp_line (start -3.68 12.12) (end -3.68 2.6) (layer B.CrtYd) (width 0.05))
    (fp_line (start -3.68 2.6) (end -4 2.6) (layer B.CrtYd) (width 0.05))
    (fp_line (start 3.68 2.6) (end 3.68 12.12) (layer F.CrtYd) (width 0.05))
    (fp_line (start 3.68 2.6) (end 4 2.6) (layer F.CrtYd) (width 0.05))
    (fp_line (start -3.68 12.12) (end -3.68 2.6) (layer F.CrtYd) (width 0.05))
    (fp_line (start -3.68 2.6) (end -4 2.6) (layer F.CrtYd) (width 0.05))
    (fp_line (start 4.1 2.1) (end -4.1 2.1) (layer Dwgs.User) (width 0.1))
    (fp_line (start -3.175 -1.71) (end -3.175 11.62) (layer F.Fab) (width 0.1))
    (fp_line (start -2.365 -1.71) (end -3.175 -1.71) (layer F.Fab) (width 0.1))
    (fp_line (start -2.365 2.1) (end -2.365 -1.71) (layer F.Fab) (width 0.1))
    (fp_line (start 2.365 2.1) (end -2.365 2.1) (layer F.Fab) (width 0.1))
    (fp_line (start 2.365 -1.71) (end 2.365 2.1) (layer F.Fab) (width 0.1))
    (fp_line (start 3.175 -1.71) (end 2.365 -1.71) (layer F.Fab) (width 0.1))
    (fp_line (start 3.175 -1.71) (end 3.175 11.62) (layer F.Fab) (width 0.1))
    (fp_line (start 3.165 11.62) (end -3.165 11.62) (layer F.Fab) (width 0.1))
    (fp_line (start -4 -2.6) (end 4 -2.6) (layer B.CrtYd) (width 0.05))
    (fp_line (start -4 2.6) (end -4 -2.6) (layer B.CrtYd) (width 0.05))
    (fp_line (start 3.68 12.12) (end -3.68 12.12) (layer B.CrtYd) (width 0.05))
    (fp_line (start 4 2.6) (end 4 -2.6) (layer B.CrtYd) (width 0.05))
    (fp_line (start -4 -2.6) (end 4 -2.6) (layer F.CrtYd) (width 0.05))
    (fp_line (start -4 2.6) (end -4 -2.6) (layer F.CrtYd) (width 0.05))
    (fp_line (start 3.68 12.12) (end -3.68 12.12) (layer F.CrtYd) (width 0.05))
    (fp_line (start 4 2.6) (end 4 -2.6) (layer F.CrtYd) (width 0.05))
    (fp_line (start 0.64 2.1) (end 0 3.1) (layer F.Fab) (width 0.1))
    (fp_line (start 0 3.1) (end -0.64 2.1) (layer F.Fab) (width 0.1))
    (fp_line (start 0 -2.26) (end 0.25 -2.76) (layer F.SilkS) (width 0.12))
    (fp_line (start 0.25 -2.76) (end -0.25 -2.76) (layer F.SilkS) (width 0.12))
    (fp_line (start -0.25 -2.76) (end 0 -2.26) (layer F.SilkS) (width 0.12))
    (fp_text user %R (at 0 4.79 270) (layer F.Fab)
      (effects (font (size 1 1) (thickness 0.15)))
    )
    (fp_text user "PCB Edge" (at 0 2.6 90) (layer Dwgs.User)
      (effects (font (size 0.5 0.5) (thickness 0.1)))
    )
    (fp_text user "Board Thickness: 1.57mm" (at 0 -5.45 90) (layer Cmts.User)
      (effects (font (size 1 1) (thickness 0.15)))
    )
    (pad 2 smd rect (at -2.825 0 270) (size 1.35 4.2) (layers B.Cu B.Paste B.Mask)
      (net 1 GND))
    (pad 2 smd rect (at 2.825 0 270) (size 1.35 4.2) (layers B.Cu B.Paste B.Mask)
      (net 1 GND))
    (pad 2 smd rect (at -2.825 0 270) (size 1.35 4.2) (layers F.Cu F.Paste F.Mask)
      (net 1 GND))
    (pad 2 smd rect (at 2.825 0 270) (size 1.35 4.2) (layers F.Cu F.Paste F.Mask)
      (net 1 GND))
    (pad 1 smd rect (at 0 0.2 270) (size 1.27 3.6) (layers F.Cu F.Paste F.Mask)
      (net 15 VINLR))
    (model ${KISYS3DMOD}/Connector_Coaxial.3dshapes/SMA_Samtec_SMA-J-P-X-ST-EM1_EdgeMount.wrl
      (at (xyz 0 0 0))
      (scale (xyz 1 1 1))
      (rotate (xyz 0 0 0))
    )
  )

  (module Connector_Coaxial:SMA_Samtec_SMA-J-P-X-ST-EM1_EdgeMount (layer F.Cu) (tedit 5DAA3454) (tstamp 617A1716)
    (at 291.34 81.0346 90)
    (descr "Connector SMA, 0Hz to 20GHz, 50Ohm, Edge Mount (http://suddendocs.samtec.com/prints/sma-j-p-x-st-em1-mkt.pdf)")
    (tags "SMA Straight Samtec Edge Mount")
    (path /51AC8D54)
    (attr smd)
    (fp_text reference P2 (at 0 -12.8 180) (layer F.SilkS)
      (effects (font (size 1 1) (thickness 0.15)))
    )
    (fp_text value BNC (at 0 13 90) (layer F.Fab)
      (effects (font (size 1 1) (thickness 0.15)))
    )
    (fp_line (start -0.25 -2.76) (end 0 -2.26) (layer F.SilkS) (width 0.12))
    (fp_line (start 0.25 -2.76) (end -0.25 -2.76) (layer F.SilkS) (width 0.12))
    (fp_line (start 0 -2.26) (end 0.25 -2.76) (layer F.SilkS) (width 0.12))
    (fp_line (start 0 3.1) (end -0.64 2.1) (layer F.Fab) (width 0.1))
    (fp_line (start 0.64 2.1) (end 0 3.1) (layer F.Fab) (width 0.1))
    (fp_line (start 4 2.6) (end 4 -2.6) (layer F.CrtYd) (width 0.05))
    (fp_line (start 3.68 12.12) (end -3.68 12.12) (layer F.CrtYd) (width 0.05))
    (fp_line (start -4 2.6) (end -4 -2.6) (layer F.CrtYd) (width 0.05))
    (fp_line (start -4 -2.6) (end 4 -2.6) (layer F.CrtYd) (width 0.05))
    (fp_line (start 4 2.6) (end 4 -2.6) (layer B.CrtYd) (width 0.05))
    (fp_line (start 3.68 12.12) (end -3.68 12.12) (layer B.CrtYd) (width 0.05))
    (fp_line (start -4 2.6) (end -4 -2.6) (layer B.CrtYd) (width 0.05))
    (fp_line (start -4 -2.6) (end 4 -2.6) (layer B.CrtYd) (width 0.05))
    (fp_line (start 3.165 11.62) (end -3.165 11.62) (layer F.Fab) (width 0.1))
    (fp_line (start 3.175 -1.71) (end 3.175 11.62) (layer F.Fab) (width 0.1))
    (fp_line (start 3.175 -1.71) (end 2.365 -1.71) (layer F.Fab) (width 0.1))
    (fp_line (start 2.365 -1.71) (end 2.365 2.1) (layer F.Fab) (width 0.1))
    (fp_line (start 2.365 2.1) (end -2.365 2.1) (layer F.Fab) (width 0.1))
    (fp_line (start -2.365 2.1) (end -2.365 -1.71) (layer F.Fab) (width 0.1))
    (fp_line (start -2.365 -1.71) (end -3.175 -1.71) (layer F.Fab) (width 0.1))
    (fp_line (start -3.175 -1.71) (end -3.175 11.62) (layer F.Fab) (width 0.1))
    (fp_line (start 4.1 2.1) (end -4.1 2.1) (layer Dwgs.User) (width 0.1))
    (fp_line (start -3.68 2.6) (end -4 2.6) (layer F.CrtYd) (width 0.05))
    (fp_line (start -3.68 12.12) (end -3.68 2.6) (layer F.CrtYd) (width 0.05))
    (fp_line (start 3.68 2.6) (end 4 2.6) (layer F.CrtYd) (width 0.05))
    (fp_line (start 3.68 2.6) (end 3.68 12.12) (layer F.CrtYd) (width 0.05))
    (fp_line (start -3.68 2.6) (end -4 2.6) (layer B.CrtYd) (width 0.05))
    (fp_line (start -3.68 12.12) (end -3.68 2.6) (layer B.CrtYd) (width 0.05))
    (fp_line (start 4 2.6) (end 3.68 2.6) (layer B.CrtYd) (width 0.05))
    (fp_line (start 3.68 2.6) (end 3.68 12.12) (layer B.CrtYd) (width 0.05))
    (fp_line (start -1.95 2) (end -0.84 2) (layer F.SilkS) (width 0.12))
    (fp_line (start 0.84 2) (end 1.95 2) (layer F.SilkS) (width 0.12))
    (fp_line (start -1.95 -1.71) (end -0.84 -1.71) (layer F.SilkS) (width 0.12))
    (fp_line (start 0.84 -1.71) (end 1.95 -1.71) (layer F.SilkS) (width 0.12))
    (fp_text user "Board Thickness: 1.57mm" (at 0 -5.45 90) (layer Cmts.User)
      (effects (font (size 1 1) (thickness 0.15)))
    )
    (fp_text user "PCB Edge" (at 0 2.6 90) (layer Dwgs.User)
      (effects (font (size 0.5 0.5) (thickness 0.1)))
    )
    (fp_text user %R (at 0 4.79 270) (layer F.Fab)
      (effects (font (size 1 1) (thickness 0.15)))
    )
    (pad 1 smd rect (at 0 0.2 90) (size 1.27 3.6) (layers F.Cu F.Paste F.Mask)
      (net 16 VOUTLR))
    (pad 2 smd rect (at 2.825 0 90) (size 1.35 4.2) (layers F.Cu F.Paste F.Mask)
      (net 1 GND))
    (pad 2 smd rect (at -2.825 0 90) (size 1.35 4.2) (layers F.Cu F.Paste F.Mask)
      (net 1 GND))
    (pad 2 smd rect (at 2.825 0 90) (size 1.35 4.2) (layers B.Cu B.Paste B.Mask)
      (net 1 GND))
    (pad 2 smd rect (at -2.825 0 90) (size 1.35 4.2) (layers B.Cu B.Paste B.Mask)
      (net 1 GND))
    (model ${KISYS3DMOD}/Connector_Coaxial.3dshapes/SMA_Samtec_SMA-J-P-X-ST-EM1_EdgeMount.wrl
      (at (xyz 0 0 0))
      (scale (xyz 1 1 1))
      (rotate (xyz 0 0 0))
    )
  )

  (module LandBoards_Conns:BNC-RT-OVAL_MTG (layer F.Cu) (tedit 5F8CB519) (tstamp 617CBA57)
    (at 227.84 95.5346 90)
    (path /6195E841)
    (fp_text reference P3 (at 0.0254 2.8829 270) (layer F.SilkS) hide
      (effects (font (size 1.524 1.524) (thickness 0.3048)))
    )
    (fp_text value BNC (at -0.14986 6.2992 270) (layer F.SilkS) hide
      (effects (font (size 1.524 1.524) (thickness 0.3048)))
    )
    (fp_line (start -7.1882 1.1176) (end -7.1882 -13.08354) (layer F.SilkS) (width 0.381))
    (fp_line (start -7.19328 -13.07846) (end 7.20598 -13.07846) (layer F.SilkS) (width 0.381))
    (fp_line (start 7.21106 -13.08354) (end 7.21106 1.1176) (layer F.SilkS) (width 0.381))
    (fp_line (start -7.1882 1.13538) (end 7.21106 1.13538) (layer F.SilkS) (width 0.381))
    (pad 1 thru_hole circle (at 0 0 90) (size 1.5748 1.5748) (drill 0.889) (layers *.Cu *.Mask F.SilkS)
      (net 15 VINLR))
    (pad 2 thru_hole circle (at -2.54 0 90) (size 1.651 1.651) (drill 0.889) (layers *.Cu *.Mask F.SilkS)
      (net 1 GND))
    (pad "" thru_hole oval (at -5.08 -4.68 90) (size 1.4 2.6) (drill oval 0.6 2.00914) (layers *.Cu *.Mask F.SilkS))
    (pad "" thru_hole oval (at 5.08 -4.68 90) (size 1.4 2.6) (drill oval 0.6 2.00914) (layers *.Cu *.Mask F.SilkS))
    (model C:/Users/HPz420/Documents/GitHub/land-boards/lb-boards/KiCAD/3D_STP_Files/BNC/31-5431-10RFX.stp
      (offset (xyz 0 -1.5 1))
      (scale (xyz 1 1 1))
      (rotate (xyz -90 0 -90))
    )
  )

  (module LandBoards_Conns:BNC-RT-OVAL_MTG (layer F.Cu) (tedit 5F8CB519) (tstamp 617CBA63)
    (at 281.24 81.0346 270)
    (path /619601D9)
    (fp_text reference P4 (at 0.0254 2.8829 270) (layer F.SilkS) hide
      (effects (font (size 1.524 1.524) (thickness 0.3048)))
    )
    (fp_text value BNC (at -0.14986 6.2992 270) (layer F.SilkS) hide
      (effects (font (size 1.524 1.524) (thickness 0.3048)))
    )
    (fp_line (start -7.1882 1.13538) (end 7.21106 1.13538) (layer F.SilkS) (width 0.381))
    (fp_line (start 7.21106 -13.08354) (end 7.21106 1.1176) (layer F.SilkS) (width 0.381))
    (fp_line (start -7.19328 -13.07846) (end 7.20598 -13.07846) (layer F.SilkS) (width 0.381))
    (fp_line (start -7.1882 1.1176) (end -7.1882 -13.08354) (layer F.SilkS) (width 0.381))
    (pad "" thru_hole oval (at 5.08 -4.68 270) (size 1.4 2.6) (drill oval 0.6 2.00914) (layers *.Cu *.Mask F.SilkS))
    (pad "" thru_hole oval (at -5.08 -4.68 270) (size 1.4 2.6) (drill oval 0.6 2.00914) (layers *.Cu *.Mask F.SilkS))
    (pad 2 thru_hole circle (at -2.54 0 270) (size 1.651 1.651) (drill 0.889) (layers *.Cu *.Mask F.SilkS)
      (net 1 GND))
    (pad 1 thru_hole circle (at 0 0 270) (size 1.5748 1.5748) (drill 0.889) (layers *.Cu *.Mask F.SilkS)
      (net 16 VOUTLR))
    (model C:/Users/HPz420/Documents/GitHub/land-boards/lb-boards/KiCAD/3D_STP_Files/BNC/31-5431-10RFX.stp
      (offset (xyz 0 -1.5 1))
      (scale (xyz 1 1 1))
      (rotate (xyz -90 0 -90))
    )
  )

  (module Capacitor_SMD:C_0805_2012Metric_Pad1.18x1.45mm_HandSolder (layer F.Cu) (tedit 5F68FEEF) (tstamp 617D37B7)
    (at 233.69 74.5346 270)
    (descr "Capacitor SMD 0805 (2012 Metric), square (rectangular) end terminal, IPC_7351 nominal with elongated pad for handsoldering. (Body size source: IPC-SM-782 page 76, https://www.pcb-3d.com/wordpress/wp-content/uploads/ipc-sm-782a_amendment_1_and_2.pdf, https://docs.google.com/spreadsheets/d/1BsfQQcO9C6DZCsRaXUlFlo91Tg2WpOkGARC1WS5S8t0/edit?usp=sharing), generated with kicad-footprint-generator")
    (tags "capacitor handsolder")
    (path /51AC8CF0)
    (attr smd)
    (fp_text reference C1 (at -2.5 0.15 180) (layer F.SilkS)
      (effects (font (size 1 1) (thickness 0.15)))
    )
    (fp_text value 0.1u (at 0 1.68 90) (layer F.Fab)
      (effects (font (size 1 1) (thickness 0.15)))
    )
    (fp_line (start -1 0.625) (end -1 -0.625) (layer F.Fab) (width 0.1))
    (fp_line (start -1 -0.625) (end 1 -0.625) (layer F.Fab) (width 0.1))
    (fp_line (start 1 -0.625) (end 1 0.625) (layer F.Fab) (width 0.1))
    (fp_line (start 1 0.625) (end -1 0.625) (layer F.Fab) (width 0.1))
    (fp_line (start -0.261252 -0.735) (end 0.261252 -0.735) (layer F.SilkS) (width 0.12))
    (fp_line (start -0.261252 0.735) (end 0.261252 0.735) (layer F.SilkS) (width 0.12))
    (fp_line (start -1.88 0.98) (end -1.88 -0.98) (layer F.CrtYd) (width 0.05))
    (fp_line (start -1.88 -0.98) (end 1.88 -0.98) (layer F.CrtYd) (width 0.05))
    (fp_line (start 1.88 -0.98) (end 1.88 0.98) (layer F.CrtYd) (width 0.05))
    (fp_line (start 1.88 0.98) (end -1.88 0.98) (layer F.CrtYd) (width 0.05))
    (fp_text user %R (at 0 0 90) (layer F.Fab)
      (effects (font (size 0.5 0.5) (thickness 0.08)))
    )
    (pad 1 smd roundrect (at -1.0375 0 270) (size 1.175 1.45) (layers F.Cu F.Paste F.Mask) (roundrect_rratio 0.2127659574468085)
      (net 19 /VCCLRF))
    (pad 2 smd roundrect (at 1.0375 0 270) (size 1.175 1.45) (layers F.Cu F.Paste F.Mask) (roundrect_rratio 0.2127659574468085)
      (net 1 GND))
    (model ${KISYS3DMOD}/Capacitor_SMD.3dshapes/C_0805_2012Metric.wrl
      (at (xyz 0 0 0))
      (scale (xyz 1 1 1))
      (rotate (xyz 0 0 0))
    )
  )

  (module Capacitor_SMD:C_0805_2012Metric_Pad1.18x1.45mm_HandSolder (layer F.Cu) (tedit 5F68FEEF) (tstamp 617D37C7)
    (at 233.04 82.3846 180)
    (descr "Capacitor SMD 0805 (2012 Metric), square (rectangular) end terminal, IPC_7351 nominal with elongated pad for handsoldering. (Body size source: IPC-SM-782 page 76, https://www.pcb-3d.com/wordpress/wp-content/uploads/ipc-sm-782a_amendment_1_and_2.pdf, https://docs.google.com/spreadsheets/d/1BsfQQcO9C6DZCsRaXUlFlo91Tg2WpOkGARC1WS5S8t0/edit?usp=sharing), generated with kicad-footprint-generator")
    (tags "capacitor handsolder")
    (path /617F986A)
    (attr smd)
    (fp_text reference C2 (at 0 2) (layer F.SilkS)
      (effects (font (size 1 1) (thickness 0.15)))
    )
    (fp_text value 0.1u (at 0 1.68) (layer F.Fab)
      (effects (font (size 1 1) (thickness 0.15)))
    )
    (fp_line (start 1.88 0.98) (end -1.88 0.98) (layer F.CrtYd) (width 0.05))
    (fp_line (start 1.88 -0.98) (end 1.88 0.98) (layer F.CrtYd) (width 0.05))
    (fp_line (start -1.88 -0.98) (end 1.88 -0.98) (layer F.CrtYd) (width 0.05))
    (fp_line (start -1.88 0.98) (end -1.88 -0.98) (layer F.CrtYd) (width 0.05))
    (fp_line (start -0.261252 0.735) (end 0.261252 0.735) (layer F.SilkS) (width 0.12))
    (fp_line (start -0.261252 -0.735) (end 0.261252 -0.735) (layer F.SilkS) (width 0.12))
    (fp_line (start 1 0.625) (end -1 0.625) (layer F.Fab) (width 0.1))
    (fp_line (start 1 -0.625) (end 1 0.625) (layer F.Fab) (width 0.1))
    (fp_line (start -1 -0.625) (end 1 -0.625) (layer F.Fab) (width 0.1))
    (fp_line (start -1 0.625) (end -1 -0.625) (layer F.Fab) (width 0.1))
    (fp_text user %R (at 0 0) (layer F.Fab)
      (effects (font (size 0.5 0.5) (thickness 0.08)))
    )
    (pad 2 smd roundrect (at 1.0375 0 180) (size 1.175 1.45) (layers F.Cu F.Paste F.Mask) (roundrect_rratio 0.2127659574468085)
      (net 15 VINLR))
    (pad 1 smd roundrect (at -1.0375 0 180) (size 1.175 1.45) (layers F.Cu F.Paste F.Mask) (roundrect_rratio 0.2127659574468085)
      (net 2 /V1))
    (model ${KISYS3DMOD}/Capacitor_SMD.3dshapes/C_0805_2012Metric.wrl
      (at (xyz 0 0 0))
      (scale (xyz 1 1 1))
      (rotate (xyz 0 0 0))
    )
  )

  (module Capacitor_SMD:C_0805_2012Metric_Pad1.18x1.45mm_HandSolder (layer F.Cu) (tedit 5F68FEEF) (tstamp 617D37D7)
    (at 242.54 79.0346 270)
    (descr "Capacitor SMD 0805 (2012 Metric), square (rectangular) end terminal, IPC_7351 nominal with elongated pad for handsoldering. (Body size source: IPC-SM-782 page 76, https://www.pcb-3d.com/wordpress/wp-content/uploads/ipc-sm-782a_amendment_1_and_2.pdf, https://docs.google.com/spreadsheets/d/1BsfQQcO9C6DZCsRaXUlFlo91Tg2WpOkGARC1WS5S8t0/edit?usp=sharing), generated with kicad-footprint-generator")
    (tags "capacitor handsolder")
    (path /617D3AC0)
    (attr smd)
    (fp_text reference C3 (at -3 0 180) (layer F.SilkS)
      (effects (font (size 1 1) (thickness 0.15)))
    )
    (fp_text value 0.1u (at 0 1.68 90) (layer F.Fab)
      (effects (font (size 1 1) (thickness 0.15)))
    )
    (fp_line (start -1 0.625) (end -1 -0.625) (layer F.Fab) (width 0.1))
    (fp_line (start -1 -0.625) (end 1 -0.625) (layer F.Fab) (width 0.1))
    (fp_line (start 1 -0.625) (end 1 0.625) (layer F.Fab) (width 0.1))
    (fp_line (start 1 0.625) (end -1 0.625) (layer F.Fab) (width 0.1))
    (fp_line (start -0.261252 -0.735) (end 0.261252 -0.735) (layer F.SilkS) (width 0.12))
    (fp_line (start -0.261252 0.735) (end 0.261252 0.735) (layer F.SilkS) (width 0.12))
    (fp_line (start -1.88 0.98) (end -1.88 -0.98) (layer F.CrtYd) (width 0.05))
    (fp_line (start -1.88 -0.98) (end 1.88 -0.98) (layer F.CrtYd) (width 0.05))
    (fp_line (start 1.88 -0.98) (end 1.88 0.98) (layer F.CrtYd) (width 0.05))
    (fp_line (start 1.88 0.98) (end -1.88 0.98) (layer F.CrtYd) (width 0.05))
    (fp_text user %R (at 0 0 90) (layer F.Fab)
      (effects (font (size 0.5 0.5) (thickness 0.08)))
    )
    (pad 1 smd roundrect (at -1.0375 0 270) (size 1.175 1.45) (layers F.Cu F.Paste F.Mask) (roundrect_rratio 0.2127659574468085)
      (net 3 "Net-(C3-Pad1)"))
    (pad 2 smd roundrect (at 1.0375 0 270) (size 1.175 1.45) (layers F.Cu F.Paste F.Mask) (roundrect_rratio 0.2127659574468085)
      (net 2 /V1))
    (model ${KISYS3DMOD}/Capacitor_SMD.3dshapes/C_0805_2012Metric.wrl
      (at (xyz 0 0 0))
      (scale (xyz 1 1 1))
      (rotate (xyz 0 0 0))
    )
  )

  (module Capacitor_SMD:C_0805_2012Metric_Pad1.18x1.45mm_HandSolder (layer F.Cu) (tedit 5F68FEEF) (tstamp 617D37E7)
    (at 250.04 84.3846 180)
    (descr "Capacitor SMD 0805 (2012 Metric), square (rectangular) end terminal, IPC_7351 nominal with elongated pad for handsoldering. (Body size source: IPC-SM-782 page 76, https://www.pcb-3d.com/wordpress/wp-content/uploads/ipc-sm-782a_amendment_1_and_2.pdf, https://docs.google.com/spreadsheets/d/1BsfQQcO9C6DZCsRaXUlFlo91Tg2WpOkGARC1WS5S8t0/edit?usp=sharing), generated with kicad-footprint-generator")
    (tags "capacitor handsolder")
    (path /617C0079)
    (attr smd)
    (fp_text reference C4 (at 0.23 2) (layer F.SilkS)
      (effects (font (size 1 1) (thickness 0.15)))
    )
    (fp_text value 0.1u (at 0 1.68) (layer F.Fab)
      (effects (font (size 1 1) (thickness 0.15)))
    )
    (fp_line (start 1.88 0.98) (end -1.88 0.98) (layer F.CrtYd) (width 0.05))
    (fp_line (start 1.88 -0.98) (end 1.88 0.98) (layer F.CrtYd) (width 0.05))
    (fp_line (start -1.88 -0.98) (end 1.88 -0.98) (layer F.CrtYd) (width 0.05))
    (fp_line (start -1.88 0.98) (end -1.88 -0.98) (layer F.CrtYd) (width 0.05))
    (fp_line (start -0.261252 0.735) (end 0.261252 0.735) (layer F.SilkS) (width 0.12))
    (fp_line (start -0.261252 -0.735) (end 0.261252 -0.735) (layer F.SilkS) (width 0.12))
    (fp_line (start 1 0.625) (end -1 0.625) (layer F.Fab) (width 0.1))
    (fp_line (start 1 -0.625) (end 1 0.625) (layer F.Fab) (width 0.1))
    (fp_line (start -1 -0.625) (end 1 -0.625) (layer F.Fab) (width 0.1))
    (fp_line (start -1 0.625) (end -1 -0.625) (layer F.Fab) (width 0.1))
    (fp_text user %R (at 0 0) (layer F.Fab)
      (effects (font (size 0.5 0.5) (thickness 0.08)))
    )
    (pad 2 smd roundrect (at 1.0375 0 180) (size 1.175 1.45) (layers F.Cu F.Paste F.Mask) (roundrect_rratio 0.2127659574468085)
      (net 13 /V2))
    (pad 1 smd roundrect (at -1.0375 0 180) (size 1.175 1.45) (layers F.Cu F.Paste F.Mask) (roundrect_rratio 0.2127659574468085)
      (net 17 /V2A))
    (model ${KISYS3DMOD}/Capacitor_SMD.3dshapes/C_0805_2012Metric.wrl
      (at (xyz 0 0 0))
      (scale (xyz 1 1 1))
      (rotate (xyz 0 0 0))
    )
  )

  (module Capacitor_SMD:C_0805_2012Metric_Pad1.18x1.45mm_HandSolder (layer F.Cu) (tedit 5F68FEEF) (tstamp 617D37F7)
    (at 276.04 84.8846 180)
    (descr "Capacitor SMD 0805 (2012 Metric), square (rectangular) end terminal, IPC_7351 nominal with elongated pad for handsoldering. (Body size source: IPC-SM-782 page 76, https://www.pcb-3d.com/wordpress/wp-content/uploads/ipc-sm-782a_amendment_1_and_2.pdf, https://docs.google.com/spreadsheets/d/1BsfQQcO9C6DZCsRaXUlFlo91Tg2WpOkGARC1WS5S8t0/edit?usp=sharing), generated with kicad-footprint-generator")
    (tags "capacitor handsolder")
    (path /6185A2C3)
    (attr smd)
    (fp_text reference C5 (at 0 2) (layer F.SilkS)
      (effects (font (size 1 1) (thickness 0.15)))
    )
    (fp_text value 0.1u (at 0 1.68) (layer F.Fab)
      (effects (font (size 1 1) (thickness 0.15)))
    )
    (fp_line (start 1.88 0.98) (end -1.88 0.98) (layer F.CrtYd) (width 0.05))
    (fp_line (start 1.88 -0.98) (end 1.88 0.98) (layer F.CrtYd) (width 0.05))
    (fp_line (start -1.88 -0.98) (end 1.88 -0.98) (layer F.CrtYd) (width 0.05))
    (fp_line (start -1.88 0.98) (end -1.88 -0.98) (layer F.CrtYd) (width 0.05))
    (fp_line (start -0.261252 0.735) (end 0.261252 0.735) (layer F.SilkS) (width 0.12))
    (fp_line (start -0.261252 -0.735) (end 0.261252 -0.735) (layer F.SilkS) (width 0.12))
    (fp_line (start 1 0.625) (end -1 0.625) (layer F.Fab) (width 0.1))
    (fp_line (start 1 -0.625) (end 1 0.625) (layer F.Fab) (width 0.1))
    (fp_line (start -1 -0.625) (end 1 -0.625) (layer F.Fab) (width 0.1))
    (fp_line (start -1 0.625) (end -1 -0.625) (layer F.Fab) (width 0.1))
    (fp_text user %R (at 0 0) (layer F.Fab)
      (effects (font (size 0.5 0.5) (thickness 0.08)))
    )
    (pad 2 smd roundrect (at 1.0375 0 180) (size 1.175 1.45) (layers F.Cu F.Paste F.Mask) (roundrect_rratio 0.2127659574468085)
      (net 4 /V5))
    (pad 1 smd roundrect (at -1.0375 0 180) (size 1.175 1.45) (layers F.Cu F.Paste F.Mask) (roundrect_rratio 0.2127659574468085)
      (net 16 VOUTLR))
    (model ${KISYS3DMOD}/Capacitor_SMD.3dshapes/C_0805_2012Metric.wrl
      (at (xyz 0 0 0))
      (scale (xyz 1 1 1))
      (rotate (xyz 0 0 0))
    )
  )

  (module Capacitor_SMD:C_0805_2012Metric_Pad1.18x1.45mm_HandSolder (layer F.Cu) (tedit 5F68FEEF) (tstamp 617D3807)
    (at 276.04 94.5346)
    (descr "Capacitor SMD 0805 (2012 Metric), square (rectangular) end terminal, IPC_7351 nominal with elongated pad for handsoldering. (Body size source: IPC-SM-782 page 76, https://www.pcb-3d.com/wordpress/wp-content/uploads/ipc-sm-782a_amendment_1_and_2.pdf, https://docs.google.com/spreadsheets/d/1BsfQQcO9C6DZCsRaXUlFlo91Tg2WpOkGARC1WS5S8t0/edit?usp=sharing), generated with kicad-footprint-generator")
    (tags "capacitor handsolder")
    (path /617A5923)
    (attr smd)
    (fp_text reference C6 (at 0 -1.68) (layer F.SilkS)
      (effects (font (size 1 1) (thickness 0.15)))
    )
    (fp_text value 0.1u (at 0 1.68) (layer F.Fab)
      (effects (font (size 1 1) (thickness 0.15)))
    )
    (fp_line (start -1 0.625) (end -1 -0.625) (layer F.Fab) (width 0.1))
    (fp_line (start -1 -0.625) (end 1 -0.625) (layer F.Fab) (width 0.1))
    (fp_line (start 1 -0.625) (end 1 0.625) (layer F.Fab) (width 0.1))
    (fp_line (start 1 0.625) (end -1 0.625) (layer F.Fab) (width 0.1))
    (fp_line (start -0.261252 -0.735) (end 0.261252 -0.735) (layer F.SilkS) (width 0.12))
    (fp_line (start -0.261252 0.735) (end 0.261252 0.735) (layer F.SilkS) (width 0.12))
    (fp_line (start -1.88 0.98) (end -1.88 -0.98) (layer F.CrtYd) (width 0.05))
    (fp_line (start -1.88 -0.98) (end 1.88 -0.98) (layer F.CrtYd) (width 0.05))
    (fp_line (start 1.88 -0.98) (end 1.88 0.98) (layer F.CrtYd) (width 0.05))
    (fp_line (start 1.88 0.98) (end -1.88 0.98) (layer F.CrtYd) (width 0.05))
    (fp_text user %R (at 0 0) (layer F.Fab)
      (effects (font (size 0.5 0.5) (thickness 0.08)))
    )
    (pad 1 smd roundrect (at -1.0375 0) (size 1.175 1.45) (layers F.Cu F.Paste F.Mask) (roundrect_rratio 0.2127659574468085)
      (net 8 /V6))
    (pad 2 smd roundrect (at 1.0375 0) (size 1.175 1.45) (layers F.Cu F.Paste F.Mask) (roundrect_rratio 0.2127659574468085)
      (net 16 VOUTLR))
    (model ${KISYS3DMOD}/Capacitor_SMD.3dshapes/C_0805_2012Metric.wrl
      (at (xyz 0 0 0))
      (scale (xyz 1 1 1))
      (rotate (xyz 0 0 0))
    )
  )

  (module Capacitor_SMD:C_0805_2012Metric_Pad1.18x1.45mm_HandSolder (layer F.Cu) (tedit 5F68FEEF) (tstamp 617D3817)
    (at 276.54 104.5096 270)
    (descr "Capacitor SMD 0805 (2012 Metric), square (rectangular) end terminal, IPC_7351 nominal with elongated pad for handsoldering. (Body size source: IPC-SM-782 page 76, https://www.pcb-3d.com/wordpress/wp-content/uploads/ipc-sm-782a_amendment_1_and_2.pdf, https://docs.google.com/spreadsheets/d/1BsfQQcO9C6DZCsRaXUlFlo91Tg2WpOkGARC1WS5S8t0/edit?usp=sharing), generated with kicad-footprint-generator")
    (tags "capacitor handsolder")
    (path /617A5881)
    (attr smd)
    (fp_text reference C7 (at -2.475 0 180) (layer F.SilkS)
      (effects (font (size 1 1) (thickness 0.15)))
    )
    (fp_text value 0.1u (at 0 1.68 90) (layer F.Fab)
      (effects (font (size 1 1) (thickness 0.15)))
    )
    (fp_line (start -1 0.625) (end -1 -0.625) (layer F.Fab) (width 0.1))
    (fp_line (start -1 -0.625) (end 1 -0.625) (layer F.Fab) (width 0.1))
    (fp_line (start 1 -0.625) (end 1 0.625) (layer F.Fab) (width 0.1))
    (fp_line (start 1 0.625) (end -1 0.625) (layer F.Fab) (width 0.1))
    (fp_line (start -0.261252 -0.735) (end 0.261252 -0.735) (layer F.SilkS) (width 0.12))
    (fp_line (start -0.261252 0.735) (end 0.261252 0.735) (layer F.SilkS) (width 0.12))
    (fp_line (start -1.88 0.98) (end -1.88 -0.98) (layer F.CrtYd) (width 0.05))
    (fp_line (start -1.88 -0.98) (end 1.88 -0.98) (layer F.CrtYd) (width 0.05))
    (fp_line (start 1.88 -0.98) (end 1.88 0.98) (layer F.CrtYd) (width 0.05))
    (fp_line (start 1.88 0.98) (end -1.88 0.98) (layer F.CrtYd) (width 0.05))
    (fp_text user %R (at 0 0 90) (layer F.Fab)
      (effects (font (size 0.5 0.5) (thickness 0.08)))
    )
    (pad 1 smd roundrect (at -1.0375 0 270) (size 1.175 1.45) (layers F.Cu F.Paste F.Mask) (roundrect_rratio 0.2127659574468085)
      (net 20 /VCCRLF))
    (pad 2 smd roundrect (at 1.0375 0 270) (size 1.175 1.45) (layers F.Cu F.Paste F.Mask) (roundrect_rratio 0.2127659574468085)
      (net 1 GND))
    (model ${KISYS3DMOD}/Capacitor_SMD.3dshapes/C_0805_2012Metric.wrl
      (at (xyz 0 0 0))
      (scale (xyz 1 1 1))
      (rotate (xyz 0 0 0))
    )
  )

  (module Capacitor_SMD:C_0805_2012Metric_Pad1.18x1.45mm_HandSolder (layer F.Cu) (tedit 5F68FEEF) (tstamp 617D3827)
    (at 265.04 99.5346 90)
    (descr "Capacitor SMD 0805 (2012 Metric), square (rectangular) end terminal, IPC_7351 nominal with elongated pad for handsoldering. (Body size source: IPC-SM-782 page 76, https://www.pcb-3d.com/wordpress/wp-content/uploads/ipc-sm-782a_amendment_1_and_2.pdf, https://docs.google.com/spreadsheets/d/1BsfQQcO9C6DZCsRaXUlFlo91Tg2WpOkGARC1WS5S8t0/edit?usp=sharing), generated with kicad-footprint-generator")
    (tags "capacitor handsolder")
    (path /617A58E9)
    (attr smd)
    (fp_text reference C8 (at 2.5 0 180) (layer F.SilkS)
      (effects (font (size 1 1) (thickness 0.15)))
    )
    (fp_text value 0.1u (at 0 1.68 90) (layer F.Fab)
      (effects (font (size 1 1) (thickness 0.15)))
    )
    (fp_line (start 1.88 0.98) (end -1.88 0.98) (layer F.CrtYd) (width 0.05))
    (fp_line (start 1.88 -0.98) (end 1.88 0.98) (layer F.CrtYd) (width 0.05))
    (fp_line (start -1.88 -0.98) (end 1.88 -0.98) (layer F.CrtYd) (width 0.05))
    (fp_line (start -1.88 0.98) (end -1.88 -0.98) (layer F.CrtYd) (width 0.05))
    (fp_line (start -0.261252 0.735) (end 0.261252 0.735) (layer F.SilkS) (width 0.12))
    (fp_line (start -0.261252 -0.735) (end 0.261252 -0.735) (layer F.SilkS) (width 0.12))
    (fp_line (start 1 0.625) (end -1 0.625) (layer F.Fab) (width 0.1))
    (fp_line (start 1 -0.625) (end 1 0.625) (layer F.Fab) (width 0.1))
    (fp_line (start -1 -0.625) (end 1 -0.625) (layer F.Fab) (width 0.1))
    (fp_line (start -1 0.625) (end -1 -0.625) (layer F.Fab) (width 0.1))
    (fp_text user %R (at 0 0 90) (layer F.Fab)
      (effects (font (size 0.5 0.5) (thickness 0.08)))
    )
    (pad 2 smd roundrect (at 1.0375 0 90) (size 1.175 1.45) (layers F.Cu F.Paste F.Mask) (roundrect_rratio 0.2127659574468085)
      (net 8 /V6))
    (pad 1 smd roundrect (at -1.0375 0 90) (size 1.175 1.45) (layers F.Cu F.Paste F.Mask) (roundrect_rratio 0.2127659574468085)
      (net 5 "Net-(C8-Pad1)"))
    (model ${KISYS3DMOD}/Capacitor_SMD.3dshapes/C_0805_2012Metric.wrl
      (at (xyz 0 0 0))
      (scale (xyz 1 1 1))
      (rotate (xyz 0 0 0))
    )
  )

  (module Capacitor_SMD:C_0805_2012Metric_Pad1.18x1.45mm_HandSolder (layer F.Cu) (tedit 5F68FEEF) (tstamp 617D3837)
    (at 259.04 93.0346)
    (descr "Capacitor SMD 0805 (2012 Metric), square (rectangular) end terminal, IPC_7351 nominal with elongated pad for handsoldering. (Body size source: IPC-SM-782 page 76, https://www.pcb-3d.com/wordpress/wp-content/uploads/ipc-sm-782a_amendment_1_and_2.pdf, https://docs.google.com/spreadsheets/d/1BsfQQcO9C6DZCsRaXUlFlo91Tg2WpOkGARC1WS5S8t0/edit?usp=sharing), generated with kicad-footprint-generator")
    (tags "capacitor handsolder")
    (path /617A58D6)
    (attr smd)
    (fp_text reference C9 (at 0 -2) (layer F.SilkS)
      (effects (font (size 1 1) (thickness 0.15)))
    )
    (fp_text value 0.1u (at 0 1.68) (layer F.Fab)
      (effects (font (size 1 1) (thickness 0.15)))
    )
    (fp_line (start -1 0.625) (end -1 -0.625) (layer F.Fab) (width 0.1))
    (fp_line (start -1 -0.625) (end 1 -0.625) (layer F.Fab) (width 0.1))
    (fp_line (start 1 -0.625) (end 1 0.625) (layer F.Fab) (width 0.1))
    (fp_line (start 1 0.625) (end -1 0.625) (layer F.Fab) (width 0.1))
    (fp_line (start -0.261252 -0.735) (end 0.261252 -0.735) (layer F.SilkS) (width 0.12))
    (fp_line (start -0.261252 0.735) (end 0.261252 0.735) (layer F.SilkS) (width 0.12))
    (fp_line (start -1.88 0.98) (end -1.88 -0.98) (layer F.CrtYd) (width 0.05))
    (fp_line (start -1.88 -0.98) (end 1.88 -0.98) (layer F.CrtYd) (width 0.05))
    (fp_line (start 1.88 -0.98) (end 1.88 0.98) (layer F.CrtYd) (width 0.05))
    (fp_line (start 1.88 0.98) (end -1.88 0.98) (layer F.CrtYd) (width 0.05))
    (fp_text user %R (at 0 0) (layer F.Fab)
      (effects (font (size 0.5 0.5) (thickness 0.08)))
    )
    (pad 1 smd roundrect (at -1.0375 0) (size 1.175 1.45) (layers F.Cu F.Paste F.Mask) (roundrect_rratio 0.2127659574468085)
      (net 18 /V7A))
    (pad 2 smd roundrect (at 1.0375 0) (size 1.175 1.45) (layers F.Cu F.Paste F.Mask) (roundrect_rratio 0.2127659574468085)
      (net 9 /V7))
    (model ${KISYS3DMOD}/Capacitor_SMD.3dshapes/C_0805_2012Metric.wrl
      (at (xyz 0 0 0))
      (scale (xyz 1 1 1))
      (rotate (xyz 0 0 0))
    )
  )

  (module Capacitor_SMD:C_0805_2012Metric_Pad1.18x1.45mm_HandSolder (layer F.Cu) (tedit 5F68FEEF) (tstamp 617D3847)
    (at 232.76 95.0346)
    (descr "Capacitor SMD 0805 (2012 Metric), square (rectangular) end terminal, IPC_7351 nominal with elongated pad for handsoldering. (Body size source: IPC-SM-782 page 76, https://www.pcb-3d.com/wordpress/wp-content/uploads/ipc-sm-782a_amendment_1_and_2.pdf, https://docs.google.com/spreadsheets/d/1BsfQQcO9C6DZCsRaXUlFlo91Tg2WpOkGARC1WS5S8t0/edit?usp=sharing), generated with kicad-footprint-generator")
    (tags "capacitor handsolder")
    (path /617A5977)
    (attr smd)
    (fp_text reference C10 (at 0 -1.68) (layer F.SilkS)
      (effects (font (size 1 1) (thickness 0.15)))
    )
    (fp_text value 0.1u (at 0 1.68) (layer F.Fab)
      (effects (font (size 1 1) (thickness 0.15)))
    )
    (fp_line (start 1.88 0.98) (end -1.88 0.98) (layer F.CrtYd) (width 0.05))
    (fp_line (start 1.88 -0.98) (end 1.88 0.98) (layer F.CrtYd) (width 0.05))
    (fp_line (start -1.88 -0.98) (end 1.88 -0.98) (layer F.CrtYd) (width 0.05))
    (fp_line (start -1.88 0.98) (end -1.88 -0.98) (layer F.CrtYd) (width 0.05))
    (fp_line (start -0.261252 0.735) (end 0.261252 0.735) (layer F.SilkS) (width 0.12))
