(kicad_pcb (version 20171130) (host pcbnew "(5.0.2)-1")

  (general
    (thickness 1.6)
    (drawings 67)
    (tracks 290)
    (zones 0)
    (modules 32)
    (nets 39)
  )

  (page A)
  (title_block
    (title ESP32-VGA)
    (date 2020-02-19)
    (rev 2)
    (company land-boards.com)
  )

  (layers
    (0 F.Cu signal)
    (31 B.Cu signal)
    (36 B.SilkS user hide)
    (37 F.SilkS user)
    (38 B.Mask user hide)
    (39 F.Mask user)
    (40 Dwgs.User user hide)
    (42 Eco1.User user hide)
    (44 Edge.Cuts user)
    (45 Margin user hide)
    (46 B.CrtYd user hide)
    (47 F.CrtYd user hide)
    (48 B.Fab user hide)
    (49 F.Fab user hide)
  )

  (setup
    (last_trace_width 0.254)
    (user_trace_width 0.635)
    (user_trace_width 2.54)
    (trace_clearance 0.254)
    (zone_clearance 0.254)
    (zone_45_only no)
    (trace_min 0.2032)
    (segment_width 0.2)
    (edge_width 0.1)
    (via_size 0.889)
    (via_drill 0.635)
    (via_min_size 0.889)
    (via_min_drill 0.508)
    (uvia_size 0.508)
    (uvia_drill 0.127)
    (uvias_allowed no)
    (uvia_min_size 0.508)
    (uvia_min_drill 0.127)
    (pcb_text_width 0.3)
    (pcb_text_size 1.5 1.5)
    (mod_edge_width 0.15)
    (mod_text_size 1.27 1.27)
    (mod_text_width 0.3175)
    (pad_size 2 4.6)
    (pad_drill 1)
    (pad_to_mask_clearance 0)
    (solder_mask_min_width 0.25)
    (aux_axis_origin 0 0)
    (visible_elements 7EFFEF7F)
    (pcbplotparams
      (layerselection 0x010f0_ffffffff)
      (usegerberextensions false)
      (usegerberattributes false)
      (usegerberadvancedattributes false)
      (creategerberjobfile false)
      (excludeedgelayer true)
      (linewidth 0.150000)
      (plotframeref false)
      (viasonmask false)
      (mode 1)
      (useauxorigin false)
      (hpglpennumber 1)
      (hpglpenspeed 20)
      (hpglpendiameter 15.000000)
      (psnegative false)
      (psa4output false)
      (plotreference true)
      (plotvalue true)
      (plotinvisibletext false)
      (padsonsilk false)
      (subtractmaskfromsilk false)
      (outputformat 1)
      (mirror false)
      (drillshape 0)
      (scaleselection 1)
      (outputdirectory "plots/"))
  )

  (net 0 "")
  (net 1 +5V)
  (net 2 GND)
  (net 3 +3V3)
  (net 4 /GP35)
  (net 5 /TX0)
  (net 6 /RX0)
  (net 7 /TX2)
  (net 8 /VP)
  (net 9 /VN)
  (net 10 "Net-(C1-Pad1)")
  (net 11 "Net-(P3-Pad3)")
  (net 12 "Net-(P3-Pad2)")
  (net 13 "Net-(P3-Pad1)")
  (net 14 /HSYNC)
  (net 15 /VSYNC)
  (net 16 /REDHI)
  (net 17 /REDLO)
  (net 18 /GRNHI)
  (net 19 /GRNLO)
  (net 20 /BLUHI)
  (net 21 /BLULO)
  (net 22 /AUDIO)
  (net 23 /KBDAT)
  (net 24 /KBCLK)
  (net 25 /MSECLK)
  (net 26 /MSEDAT)
  (net 27 /RX2)
  (net 28 /MOSI)
  (net 29 /SDCS)
  (net 30 /SCLK)
  (net 31 /MISO)
  (net 32 /GP12)
  (net 33 "Net-(C2-Pad1)")
  (net 34 "Net-(C6-Pad2)")
  (net 35 "Net-(P1-Pad5)")
  (net 36 "Net-(P1-Pad1)")
  (net 37 "Net-(P2-Pad1)")
  (net 38 "Net-(P2-Pad5)")

  (net_class Default "This is the default net class."
    (clearance 0.254)
    (trace_width 0.254)
    (via_dia 0.889)
    (via_drill 0.635)
    (uvia_dia 0.508)
    (uvia_drill 0.127)
    (diff_pair_gap 0.25)
    (diff_pair_width 0.254)
    (add_net +3V3)
    (add_net +5V)
    (add_net /AUDIO)
    (add_net /BLUHI)
    (add_net /BLULO)
    (add_net /GP12)
    (add_net /GP35)
    (add_net /GRNHI)
    (add_net /GRNLO)
    (add_net /HSYNC)
    (add_net /KBCLK)
    (add_net /KBDAT)
    (add_net /MISO)
    (add_net /MOSI)
    (add_net /MSECLK)
    (add_net /MSEDAT)
    (add_net /REDHI)
    (add_net /REDLO)
    (add_net /RX0)
    (add_net /RX2)
    (add_net /SCLK)
    (add_net /SDCS)
    (add_net /TX0)
    (add_net /TX2)
    (add_net /VN)
    (add_net /VP)
    (add_net /VSYNC)
    (add_net GND)
    (add_net "Net-(C1-Pad1)")
    (add_net "Net-(C2-Pad1)")
    (add_net "Net-(C6-Pad2)")
    (add_net "Net-(P1-Pad1)")
    (add_net "Net-(P1-Pad5)")
    (add_net "Net-(P2-Pad1)")
    (add_net "Net-(P2-Pad5)")
    (add_net "Net-(P3-Pad1)")
    (add_net "Net-(P3-Pad2)")
    (add_net "Net-(P3-Pad3)")
  )

  (net_class W25 ""
    (clearance 0.381)
    (trace_width 0.635)
    (via_dia 0.889)
    (via_drill 0.635)
    (uvia_dia 0.508)
    (uvia_drill 0.127)
    (diff_pair_gap 0.25)
    (diff_pair_width 0.254)
  )

  (module Resistor_SMD:R_0805_2012Metric_Pad1.15x1.40mm_HandSolder (layer F.Cu) (tedit 5B36C52B) (tstamp 5DF9586B)
    (at 65.3542 23.8506 180)
    (descr "Resistor SMD 0805 (2012 Metric), square (rectangular) end terminal, IPC_7351 nominal with elongated pad for handsoldering. (Body size source: https://docs.google.com/spreadsheets/d/1BsfQQcO9C6DZCsRaXUlFlo91Tg2WpOkGARC1WS5S8t0/edit?usp=sharing), generated with kicad-footprint-generator")
    (tags "resistor handsolder")
    (path /5E24B595)
    (attr smd)
    (fp_text reference R7 (at 0 2.032 180) (layer F.SilkS)
      (effects (font (size 1.27 1.27) (thickness 0.3175)))
    )
    (fp_text value 270 (at 0 1.65 180) (layer F.Fab)
      (effects (font (size 1 1) (thickness 0.15)))
    )
    (fp_line (start -1 0.6) (end -1 -0.6) (layer F.Fab) (width 0.1))
    (fp_line (start -1 -0.6) (end 1 -0.6) (layer F.Fab) (width 0.1))
    (fp_line (start 1 -0.6) (end 1 0.6) (layer F.Fab) (width 0.1))
    (fp_line (start 1 0.6) (end -1 0.6) (layer F.Fab) (width 0.1))
    (fp_line (start -0.261252 -0.71) (end 0.261252 -0.71) (layer F.SilkS) (width 0.12))
    (fp_line (start -0.261252 0.71) (end 0.261252 0.71) (layer F.SilkS) (width 0.12))
    (fp_line (start -1.85 0.95) (end -1.85 -0.95) (layer F.CrtYd) (width 0.05))
    (fp_line (start -1.85 -0.95) (end 1.85 -0.95) (layer F.CrtYd) (width 0.05))
    (fp_line (start 1.85 -0.95) (end 1.85 0.95) (layer F.CrtYd) (width 0.05))
    (fp_line (start 1.85 0.95) (end -1.85 0.95) (layer F.CrtYd) (width 0.05))
    (fp_text user %R (at 0 0 180) (layer F.Fab)
      (effects (font (size 1 1) (thickness 0.15)))
    )
    (pad 1 smd roundrect (at -1.025 0 180) (size 1.15 1.4) (layers F.Cu F.Paste F.Mask) (roundrect_rratio 0.217391)
      (net 10 "Net-(C1-Pad1)"))
    (pad 2 smd roundrect (at 1.025 0 180) (size 1.15 1.4) (layers F.Cu F.Paste F.Mask) (roundrect_rratio 0.217391)
      (net 22 /AUDIO))
    (model ${KISYS3DMOD}/Resistor_SMD.3dshapes/R_0805_2012Metric.wrl
      (at (xyz 0 0 0))
      (scale (xyz 1 1 1))
      (rotate (xyz 0 0 0))
    )
  )

  (module LandBoards_MountHoles:MTG-6-32 (layer F.Cu) (tedit 538F790A) (tstamp 5C8D3E7B)
    (at 15.875 15.875)
    (path /586AD6D2)
    (fp_text reference MTG1 (at 0 -5.588) (layer F.SilkS) hide
      (effects (font (size 1.27 1.27) (thickness 0.3175)))
    )
    (fp_text value MTG_HOLE (at 0.254 5.842) (layer F.SilkS) hide
      (effects (font (size 1.524 1.524) (thickness 0.3048)))
    )
    (pad 1 thru_hole circle (at 0 0) (size 9.525 9.525) (drill 3.8354) (layers *.Cu *.Mask)
      (clearance 0.508))
  )

  (module LandBoards_MountHoles:MTG-6-32 (layer F.Cu) (tedit 538F790A) (tstamp 5C8D3E80)
    (at 99 99)
    (path /586AD65D)
    (fp_text reference MTG2 (at 0 -5.588) (layer F.SilkS) hide
      (effects (font (size 1.27 1.27) (thickness 0.3175)))
    )
    (fp_text value MTG_HOLE (at 0.254 5.842) (layer F.SilkS) hide
      (effects (font (size 1.524 1.524) (thickness 0.3048)))
    )
    (pad 1 thru_hole circle (at 0 0) (size 9.525 9.525) (drill 3.8354) (layers *.Cu *.Mask)
      (clearance 0.508))
  )

  (module LandBoards_MountHoles:MTG-6-32 (layer F.Cu) (tedit 538F790A) (tstamp 5C8D3E85)
    (at 16 99)
    (path /586AD691)
    (fp_text reference MTG3 (at 0 -5.588) (layer F.SilkS) hide
      (effects (font (size 1.27 1.27) (thickness 0.3175)))
    )
    (fp_text value MTG_HOLE (at 0.254 5.842) (layer F.SilkS) hide
      (effects (font (size 1.524 1.524) (thickness 0.3048)))
    )
    (pad 1 thru_hole circle (at 0 0) (size 9.525 9.525) (drill 3.8354) (layers *.Cu *.Mask)
      (clearance 0.508))
  )

  (module LandBoards_MountHoles:MTG-6-32 (layer F.Cu) (tedit 538F790A) (tstamp 5C8D3E8A)
    (at 99 16)
    (path /586AD5E2)
    (fp_text reference MTG?1 (at 0 -5.588) (layer F.SilkS) hide
      (effects (font (size 1.27 1.27) (thickness 0.3175)))
    )
    (fp_text value MTG_HOLE (at 0.254 5.842) (layer F.SilkS) hide
      (effects (font (size 1.524 1.524) (thickness 0.3048)))
    )
    (pad 1 thru_hole circle (at 0 0) (size 9.525 9.525) (drill 3.8354) (layers *.Cu *.Mask)
      (clearance 0.508))
  )

  (module LandBoards_BoardOutlines:ESP32_EXP (layer F.Cu) (tedit 5C8D3EBE) (tstamp 5C8D4EC5)
    (at 58.166 102.362 180)
    (path /5C875761)
    (fp_text reference U1 (at 11 40 180) (layer F.SilkS)
      (effects (font (size 1.27 1.27) (thickness 0.3175)))
    )
    (fp_text value "ESP32 MODULE" (at 0 -0.5 180) (layer F.Fab)
      (effects (font (size 1 1) (thickness 0.15)))
    )
    (fp_line (start -12.7 -2.54) (end 12.7 -2.54) (layer F.SilkS) (width 0.15))
    (fp_line (start 12.7 -2.54) (end 12.7 0) (layer F.SilkS) (width 0.15))
    (fp_line (start -12.7 -2.54) (end -12.7 0) (layer F.SilkS) (width 0.15))
    (fp_line (start -12.7 35.56) (end -12.7 38.1) (layer F.SilkS) (width 0.15))
    (fp_line (start -12.7 38.1) (end 12.7 38.1) (layer F.SilkS) (width 0.15))
    (fp_line (start 12.7 38.1) (end 12.7 35.56) (layer F.SilkS) (width 0.15))
    (pad 1 thru_hole circle (at -12.7 0 180) (size 1.524 1.524) (drill 0.762) (layers *.Cu *.Mask)
      (net 3 +3V3))
    (pad 2 thru_hole circle (at -12.7 2.54 180) (size 1.524 1.524) (drill 0.762) (layers *.Cu *.Mask)
      (net 2 GND))
    (pad 3 thru_hole circle (at -12.7 5.08 180) (size 1.524 1.524) (drill 0.762) (layers *.Cu *.Mask)
      (net 15 /VSYNC))
    (pad 4 thru_hole circle (at -12.7 7.62 180) (size 1.524 1.524) (drill 0.762) (layers *.Cu *.Mask)
      (net 7 /TX2))
    (pad 5 thru_hole circle (at -12.7 10.16 180) (size 1.524 1.524) (drill 0.762) (layers *.Cu *.Mask)
      (net 20 /BLUHI))
    (pad 6 thru_hole circle (at -12.7 12.7 180) (size 1.524 1.524) (drill 0.762) (layers *.Cu *.Mask)
      (net 31 /MISO))
    (pad 7 thru_hole circle (at -12.7 15.24 180) (size 1.524 1.524) (drill 0.762) (layers *.Cu *.Mask)
      (net 28 /MOSI))
    (pad 8 thru_hole circle (at -12.7 17.78 180) (size 1.524 1.524) (drill 0.762) (layers *.Cu *.Mask)
      (net 21 /BLULO))
    (pad 9 thru_hole circle (at -12.7 20.32 180) (size 1.524 1.524) (drill 0.762) (layers *.Cu *.Mask)
      (net 18 /GRNHI))
    (pad 10 thru_hole circle (at -12.7 22.86 180) (size 1.524 1.524) (drill 0.762) (layers *.Cu *.Mask)
      (net 19 /GRNLO))
    (pad 11 thru_hole circle (at -12.7 25.4 180) (size 1.524 1.524) (drill 0.762) (layers *.Cu *.Mask)
      (net 16 /REDHI))
    (pad 12 thru_hole circle (at -12.7 27.94 180) (size 1.524 1.524) (drill 0.762) (layers *.Cu *.Mask)
      (net 6 /RX0))
    (pad 13 thru_hole circle (at -12.7 30.48 180) (size 1.524 1.524) (drill 0.762) (layers *.Cu *.Mask)
      (net 5 /TX0))
    (pad 14 thru_hole circle (at -12.7 33.02 180) (size 1.524 1.524) (drill 0.762) (layers *.Cu *.Mask)
      (net 17 /REDLO))
    (pad 15 thru_hole circle (at -12.7 35.56 180) (size 1.524 1.524) (drill 0.762) (layers *.Cu *.Mask)
      (net 14 /HSYNC))
    (pad 16 thru_hole circle (at 12.7 35.56 180) (size 1.524 1.524) (drill 0.762) (layers *.Cu *.Mask))
    (pad 17 thru_hole circle (at 12.7 33.02 180) (size 1.524 1.524) (drill 0.762) (layers *.Cu *.Mask)
      (net 8 /VP))
    (pad 18 thru_hole circle (at 12.7 30.48 180) (size 1.524 1.524) (drill 0.762) (layers *.Cu *.Mask)
      (net 9 /VN))
    (pad 19 thru_hole circle (at 12.7 27.94 180) (size 1.524 1.524) (drill 0.762) (layers *.Cu *.Mask)
      (net 27 /RX2))
    (pad 20 thru_hole circle (at 12.7 25.4 180) (size 1.524 1.524) (drill 0.762) (layers *.Cu *.Mask)
      (net 4 /GP35))
    (pad 21 thru_hole circle (at 12.7 22.86 180) (size 1.524 1.524) (drill 0.762) (layers *.Cu *.Mask)
      (net 23 /KBDAT))
    (pad 22 thru_hole circle (at 12.7 20.32 180) (size 1.524 1.524) (drill 0.762) (layers *.Cu *.Mask)
      (net 24 /KBCLK))
    (pad 23 thru_hole circle (at 12.7 17.78 180) (size 1.524 1.524) (drill 0.762) (layers *.Cu *.Mask)
      (net 22 /AUDIO))
    (pad 24 thru_hole circle (at 12.7 15.24 180) (size 1.524 1.524) (drill 0.762) (layers *.Cu *.Mask)
      (net 25 /MSECLK))
    (pad 25 thru_hole circle (at 12.7 12.7 180) (size 1.524 1.524) (drill 0.762) (layers *.Cu *.Mask)
      (net 26 /MSEDAT))
    (pad 26 thru_hole circle (at 12.7 10.16 180) (size 1.524 1.524) (drill 0.762) (layers *.Cu *.Mask)
      (net 30 /SCLK))
    (pad 27 thru_hole circle (at 12.7 7.62 180) (size 1.524 1.524) (drill 0.762) (layers *.Cu *.Mask)
      (net 32 /GP12))
    (pad 28 thru_hole circle (at 12.7 5.08 180) (size 1.524 1.524) (drill 0.762) (layers *.Cu *.Mask)
      (net 29 /SDCS))
    (pad 29 thru_hole circle (at 12.7 2.54 180) (size 1.524 1.524) (drill 0.762) (layers *.Cu *.Mask)
      (net 2 GND))
    (pad 30 thru_hole circle (at 12.7 0 180) (size 1.524 1.524) (drill 0.762) (layers *.Cu *.Mask)
      (net 1 +5V))
  )

  (module LandBoards_Conns:DB_15F-VGA-fixed (layer F.Cu) (tedit 5DEC1A60) (tstamp 5DFCCCED)
    (at 97.79 38.354 90)
    (descr "D-SUB 15 pin VGA socket, Tyco P/N 440467-1")
    (path /5DEE8B2B)
    (fp_text reference P3 (at 10.3124 -10.287 90) (layer F.SilkS)
      (effects (font (size 1.27 1.27) (thickness 0.3175)))
    )
    (fp_text value "CONN, DB15HD, BLUE (VGA)" (at -0.254 -10.414 90) (layer F.SilkS) hide
      (effects (font (size 2.54 2.54) (thickness 0.635)))
    )
    (fp_line (start 8.89 -8.382) (end 8.89 6.604) (layer F.SilkS) (width 0.65))
    (fp_line (start -8.89 -8.382) (end -8.89 6.35) (layer F.SilkS) (width 0.65))
    (fp_line (start -15.494 6.604) (end 15.24 6.604) (layer F.SilkS) (width 0.65))
    (fp_line (start 15.494 -8.382) (end 15.494 7.112) (layer F.SilkS) (width 0.381))
    (fp_line (start -15.494 -8.382) (end -15.494 7.112) (layer F.SilkS) (width 0.381))
    (fp_line (start -10.033 7.366) (end -10.033 13.208) (layer F.SilkS) (width 0.381))
    (fp_line (start 15.494 -8.45566) (end -15.494 -8.45566) (layer F.SilkS) (width 0.381))
    (fp_line (start -11.049 7.366) (end -11.049 13.208) (layer F.SilkS) (width 0.381))
    (fp_line (start -14.097 7.366) (end -14.097 13.208) (layer F.SilkS) (width 0.381))
    (fp_line (start 14.097 7.366) (end 14.097 13.208) (layer F.SilkS) (width 0.381))
    (fp_line (start 11.049 7.366) (end 11.049 13.208) (layer F.SilkS) (width 0.381))
    (fp_line (start 10.033 7.366) (end 10.033 13.208) (layer F.SilkS) (width 0.381))
    (fp_line (start 10.033 13.208) (end 15.113 13.208) (layer F.SilkS) (width 0.381))
    (fp_line (start 15.113 13.208) (end 15.113 7.493) (layer F.SilkS) (width 0.381))
    (fp_line (start -15.113 7.366) (end -15.113 13.208) (layer F.SilkS) (width 0.381))
    (fp_line (start -15.113 13.208) (end -10.033 13.208) (layer F.SilkS) (width 0.381))
    (fp_line (start -8.128 7.366) (end -8.128 13.208) (layer F.SilkS) (width 0.381))
    (fp_line (start -8.128 13.208) (end 8.128 13.208) (layer F.SilkS) (width 0.381))
    (fp_line (start 8.128 13.208) (end 8.128 7.366) (layer F.SilkS) (width 0.381))
    (fp_line (start -15.494 7.366) (end 15.494 7.366) (layer F.SilkS) (width 0.381))
    (pad "" np_thru_hole circle (at 12.49426 -4.01066 90) (size 3.2 3.2) (drill 3.2) (layers *.Cu *.Mask F.SilkS))
    (pad 3 thru_hole circle (at -0.2667 -6.55066 90) (size 1.397 1.397) (drill 0.889) (layers *.Cu *.Mask)
      (net 11 "Net-(P3-Pad3)"))
    (pad 2 thru_hole circle (at 2.0193 -6.55066 90) (size 1.397 1.397) (drill 0.9144) (layers *.Cu *.Mask)
      (net 12 "Net-(P3-Pad2)"))
    (pad 1 thru_hole circle (at 4.31038 -6.55066 90) (size 1.397 1.397) (drill 0.9144) (layers *.Cu *.Mask)
      (net 13 "Net-(P3-Pad1)"))
    (pad 4 thru_hole circle (at -2.56032 -6.55066 90) (size 1.397 1.397) (drill 0.9144) (layers *.Cu *.Mask))
    (pad 5 thru_hole circle (at -4.84886 -6.55066 90) (size 1.397 1.397) (drill 0.9144) (layers *.Cu *.Mask)
      (net 2 GND))
    (pad 9 thru_hole circle (at -1.41478 -4.01066 90) (size 1.397 1.397) (drill 0.9144) (layers *.Cu *.Mask))
    (pad 8 thru_hole circle (at 0.87376 -4.01066 90) (size 1.397 1.397) (drill 0.9144) (layers *.Cu *.Mask)
      (net 2 GND))
    (pad 7 thru_hole circle (at 3.16484 -4.01066 90) (size 1.397 1.397) (drill 0.9144) (layers *.Cu *.Mask)
      (net 2 GND))
    (pad 6 thru_hole circle (at 5.45592 -4.01066 90) (size 1.397 1.397) (drill 0.9144) (layers *.Cu *.Mask)
      (net 2 GND))
    (pad "" np_thru_hole circle (at -12.49426 -4.01066 90) (size 3.2 3.2) (drill 3.2) (layers *.Cu *.Mask F.SilkS))
    (pad 10 thru_hole circle (at -3.70586 -4.01066 90) (size 1.397 1.397) (drill 0.9144) (layers *.Cu *.Mask)
      (net 2 GND))
    (pad 11 thru_hole circle (at 4.31038 -1.47066 90) (size 1.397 1.397) (drill 0.9144) (layers *.Cu *.Mask))
    (pad 12 thru_hole circle (at 2.0193 -1.47066 90) (size 1.397 1.397) (drill 0.9144) (layers *.Cu *.Mask))
    (pad 13 thru_hole circle (at -0.26924 -1.4732 90) (size 1.397 1.397) (drill 0.9144) (layers *.Cu *.Mask)
      (net 14 /HSYNC))
    (pad 14 thru_hole circle (at -2.56032 -1.47066 90) (size 1.397 1.397) (drill 0.9144) (layers *.Cu *.Mask)
      (net 15 /VSYNC))
    (pad 15 thru_hole circle (at -4.84886 -1.47066 90) (size 1.397 1.397) (drill 0.9144) (layers *.Cu *.Mask))
    (model walter/conn_pc/db_15-vga.wrl
      (at (xyz 0 0 0))
      (scale (xyz 1 1 1))
      (rotate (xyz 0 0 0))
    )
  )

  (module Resistor_SMD:R_0805_2012Metric_Pad1.15x1.40mm_HandSolder (layer F.Cu) (tedit 5B36C52B) (tstamp 5DF9580B)
    (at 73.914 34.2138 180)
    (descr "Resistor SMD 0805 (2012 Metric), square (rectangular) end terminal, IPC_7351 nominal with elongated pad for handsoldering. (Body size source: https://docs.google.com/spreadsheets/d/1BsfQQcO9C6DZCsRaXUlFlo91Tg2WpOkGARC1WS5S8t0/edit?usp=sharing), generated with kicad-footprint-generator")
    (tags "resistor handsolder")
    (path /5DEE8BF6)
    (attr smd)
    (fp_text reference R1 (at 3.048 -0.254 180) (layer F.SilkS)
      (effects (font (size 1.27 1.27) (thickness 0.3175)))
    )
    (fp_text value 422 (at 0 1.65 180) (layer F.Fab)
      (effects (font (size 1 1) (thickness 0.15)))
    )
    (fp_line (start -1 0.6) (end -1 -0.6) (layer F.Fab) (width 0.1))
    (fp_line (start -1 -0.6) (end 1 -0.6) (layer F.Fab) (width 0.1))
    (fp_line (start 1 -0.6) (end 1 0.6) (layer F.Fab) (width 0.1))
    (fp_line (start 1 0.6) (end -1 0.6) (layer F.Fab) (width 0.1))
    (fp_line (start -0.261252 -0.71) (end 0.261252 -0.71) (layer F.SilkS) (width 0.12))
    (fp_line (start -0.261252 0.71) (end 0.261252 0.71) (layer F.SilkS) (width 0.12))
    (fp_line (start -1.85 0.95) (end -1.85 -0.95) (layer F.CrtYd) (width 0.05))
    (fp_line (start -1.85 -0.95) (end 1.85 -0.95) (layer F.CrtYd) (width 0.05))
    (fp_line (start 1.85 -0.95) (end 1.85 0.95) (layer F.CrtYd) (width 0.05))
    (fp_line (start 1.85 0.95) (end -1.85 0.95) (layer F.CrtYd) (width 0.05))
    (fp_text user %R (at 0 0 180) (layer F.Fab)
      (effects (font (size 1 1) (thickness 0.15)))
    )
    (pad 1 smd roundrect (at -1.025 0 180) (size 1.15 1.4) (layers F.Cu F.Paste F.Mask) (roundrect_rratio 0.217391)
      (net 13 "Net-(P3-Pad1)"))
    (pad 2 smd roundrect (at 1.025 0 180) (size 1.15 1.4) (layers F.Cu F.Paste F.Mask) (roundrect_rratio 0.217391)
      (net 16 /REDHI))
    (model ${KISYS3DMOD}/Resistor_SMD.3dshapes/R_0805_2012Metric.wrl
      (at (xyz 0 0 0))
      (scale (xyz 1 1 1))
      (rotate (xyz 0 0 0))
    )
  )

  (module Resistor_SMD:R_0805_2012Metric_Pad1.15x1.40mm_HandSolder (layer F.Cu) (tedit 5B36C52B) (tstamp 5DF9581B)
    (at 73.8886 32.004 180)
    (descr "Resistor SMD 0805 (2012 Metric), square (rectangular) end terminal, IPC_7351 nominal with elongated pad for handsoldering. (Body size source: https://docs.google.com/spreadsheets/d/1BsfQQcO9C6DZCsRaXUlFlo91Tg2WpOkGARC1WS5S8t0/edit?usp=sharing), generated with kicad-footprint-generator")
    (tags "resistor handsolder")
    (path /5DEE8E1C)
    (attr smd)
    (fp_text reference R2 (at 3.048 0 180) (layer F.SilkS)
      (effects (font (size 1.27 1.27) (thickness 0.3175)))
    )
    (fp_text value 845 (at 0 1.65 180) (layer F.Fab)
      (effects (font (size 1 1) (thickness 0.15)))
    )
    (fp_text user %R (at 0 0 180) (layer F.Fab)
      (effects (font (size 1 1) (thickness 0.15)))
    )
    (fp_line (start 1.85 0.95) (end -1.85 0.95) (layer F.CrtYd) (width 0.05))
    (fp_line (start 1.85 -0.95) (end 1.85 0.95) (layer F.CrtYd) (width 0.05))
    (fp_line (start -1.85 -0.95) (end 1.85 -0.95) (layer F.CrtYd) (width 0.05))
    (fp_line (start -1.85 0.95) (end -1.85 -0.95) (layer F.CrtYd) (width 0.05))
    (fp_line (start -0.261252 0.71) (end 0.261252 0.71) (layer F.SilkS) (width 0.12))
    (fp_line (start -0.261252 -0.71) (end 0.261252 -0.71) (layer F.SilkS) (width 0.12))
    (fp_line (start 1 0.6) (end -1 0.6) (layer F.Fab) (width 0.1))
    (fp_line (start 1 -0.6) (end 1 0.6) (layer F.Fab) (width 0.1))
    (fp_line (start -1 -0.6) (end 1 -0.6) (layer F.Fab) (width 0.1))
    (fp_line (start -1 0.6) (end -1 -0.6) (layer F.Fab) (width 0.1))
    (pad 2 smd roundrect (at 1.025 0 180) (size 1.15 1.4) (layers F.Cu F.Paste F.Mask) (roundrect_rratio 0.217391)
      (net 17 /REDLO))
    (pad 1 smd roundrect (at -1.025 0 180) (size 1.15 1.4) (layers F.Cu F.Paste F.Mask) (roundrect_rratio 0.217391)
      (net 13 "Net-(P3-Pad1)"))
    (model ${KISYS3DMOD}/Resistor_SMD.3dshapes/R_0805_2012Metric.wrl
      (at (xyz 0 0 0))
      (scale (xyz 1 1 1))
      (rotate (xyz 0 0 0))
    )
  )

  (module Resistor_SMD:R_0805_2012Metric_Pad1.15x1.40mm_HandSolder (layer F.Cu) (tedit 5B36C52B) (tstamp 5DF9582B)
    (at 73.9394 38.735 180)
    (descr "Resistor SMD 0805 (2012 Metric), square (rectangular) end terminal, IPC_7351 nominal with elongated pad for handsoldering. (Body size source: https://docs.google.com/spreadsheets/d/1BsfQQcO9C6DZCsRaXUlFlo91Tg2WpOkGARC1WS5S8t0/edit?usp=sharing), generated with kicad-footprint-generator")
    (tags "resistor handsolder")
    (path /5DEE8E68)
    (attr smd)
    (fp_text reference R3 (at 3.048 -0.254 180) (layer F.SilkS)
      (effects (font (size 1.27 1.27) (thickness 0.3175)))
    )
    (fp_text value 422 (at 0 1.65 180) (layer F.Fab)
      (effects (font (size 1 1) (thickness 0.15)))
    )
    (fp_line (start -1 0.6) (end -1 -0.6) (layer F.Fab) (width 0.1))
    (fp_line (start -1 -0.6) (end 1 -0.6) (layer F.Fab) (width 0.1))
    (fp_line (start 1 -0.6) (end 1 0.6) (layer F.Fab) (width 0.1))
    (fp_line (start 1 0.6) (end -1 0.6) (layer F.Fab) (width 0.1))
    (fp_line (start -0.261252 -0.71) (end 0.261252 -0.71) (layer F.SilkS) (width 0.12))
    (fp_line (start -0.261252 0.71) (end 0.261252 0.71) (layer F.SilkS) (width 0.12))
    (fp_line (start -1.85 0.95) (end -1.85 -0.95) (layer F.CrtYd) (width 0.05))
    (fp_line (start -1.85 -0.95) (end 1.85 -0.95) (layer F.CrtYd) (width 0.05))
    (fp_line (start 1.85 -0.95) (end 1.85 0.95) (layer F.CrtYd) (width 0.05))
    (fp_line (start 1.85 0.95) (end -1.85 0.95) (layer F.CrtYd) (width 0.05))
    (fp_text user %R (at 0 0 180) (layer F.Fab)
      (effects (font (size 1 1) (thickness 0.15)))
    )
    (pad 1 smd roundrect (at -1.025 0 180) (size 1.15 1.4) (layers F.Cu F.Paste F.Mask) (roundrect_rratio 0.217391)
      (net 12 "Net-(P3-Pad2)"))
    (pad 2 smd roundrect (at 1.025 0 180) (size 1.15 1.4) (layers F.Cu F.Paste F.Mask) (roundrect_rratio 0.217391)
      (net 18 /GRNHI))
    (model ${KISYS3DMOD}/Resistor_SMD.3dshapes/R_0805_2012Metric.wrl
      (at (xyz 0 0 0))
      (scale (xyz 1 1 1))
      (rotate (xyz 0 0 0))
    )
  )

  (module Resistor_SMD:R_0805_2012Metric_Pad1.15x1.40mm_HandSolder (layer F.Cu) (tedit 5B36C52B) (tstamp 5DF9583B)
    (at 73.914 36.4998 180)
    (descr "Resistor SMD 0805 (2012 Metric), square (rectangular) end terminal, IPC_7351 nominal with elongated pad for handsoldering. (Body size source: https://docs.google.com/spreadsheets/d/1BsfQQcO9C6DZCsRaXUlFlo91Tg2WpOkGARC1WS5S8t0/edit?usp=sharing), generated with kicad-footprint-generator")
    (tags "resistor handsolder")
    (path /5DEE8F5C)
    (attr smd)
    (fp_text reference R4 (at 3.048 0 180) (layer F.SilkS)
      (effects (font (size 1.27 1.27) (thickness 0.3175)))
    )
    (fp_text value 845 (at 0 1.65 180) (layer F.Fab)
      (effects (font (size 1 1) (thickness 0.15)))
    )
    (fp_text user %R (at 0 0 180) (layer F.Fab)
      (effects (font (size 1 1) (thickness 0.15)))
    )
    (fp_line (start 1.85 0.95) (end -1.85 0.95) (layer F.CrtYd) (width 0.05))
    (fp_line (start 1.85 -0.95) (end 1.85 0.95) (layer F.CrtYd) (width 0.05))
    (fp_line (start -1.85 -0.95) (end 1.85 -0.95) (layer F.CrtYd) (width 0.05))
    (fp_line (start -1.85 0.95) (end -1.85 -0.95) (layer F.CrtYd) (width 0.05))
    (fp_line (start -0.261252 0.71) (end 0.261252 0.71) (layer F.SilkS) (width 0.12))
    (fp_line (start -0.261252 -0.71) (end 0.261252 -0.71) (layer F.SilkS) (width 0.12))
    (fp_line (start 1 0.6) (end -1 0.6) (layer F.Fab) (width 0.1))
    (fp_line (start 1 -0.6) (end 1 0.6) (layer F.Fab) (width 0.1))
    (fp_line (start -1 -0.6) (end 1 -0.6) (layer F.Fab) (width 0.1))
    (fp_line (start -1 0.6) (end -1 -0.6) (layer F.Fab) (width 0.1))
    (pad 2 smd roundrect (at 1.025 0 180) (size 1.15 1.4) (layers F.Cu F.Paste F.Mask) (roundrect_rratio 0.217391)
      (net 19 /GRNLO))
    (pad 1 smd roundrect (at -1.025 0 180) (size 1.15 1.4) (layers F.Cu F.Paste F.Mask) (roundrect_rratio 0.217391)
      (net 12 "Net-(P3-Pad2)"))
    (model ${KISYS3DMOD}/Resistor_SMD.3dshapes/R_0805_2012Metric.wrl
      (at (xyz 0 0 0))
      (scale (xyz 1 1 1))
      (rotate (xyz 0 0 0))
    )
  )

  (module Resistor_SMD:R_0805_2012Metric_Pad1.15x1.40mm_HandSolder (layer F.Cu) (tedit 5B36C52B) (tstamp 5DF9584B)
    (at 73.8632 43.4594 180)
    (descr "Resistor SMD 0805 (2012 Metric), square (rectangular) end terminal, IPC_7351 nominal with elongated pad for handsoldering. (Body size source: https://docs.google.com/spreadsheets/d/1BsfQQcO9C6DZCsRaXUlFlo91Tg2WpOkGARC1WS5S8t0/edit?usp=sharing), generated with kicad-footprint-generator")
    (tags "resistor handsolder")
    (path /5DEE8F62)
    (attr smd)
    (fp_text reference R5 (at 3.048 0 180) (layer F.SilkS)
      (effects (font (size 1.27 1.27) (thickness 0.3175)))
    )
    (fp_text value 422 (at 0 1.65 180) (layer F.Fab)
      (effects (font (size 1 1) (thickness 0.15)))
    )
    (fp_text user %R (at 0 0 180) (layer F.Fab)
      (effects (font (size 1 1) (thickness 0.15)))
    )
    (fp_line (start 1.85 0.95) (end -1.85 0.95) (layer F.CrtYd) (width 0.05))
    (fp_line (start 1.85 -0.95) (end 1.85 0.95) (layer F.CrtYd) (width 0.05))
    (fp_line (start -1.85 -0.95) (end 1.85 -0.95) (layer F.CrtYd) (width 0.05))
    (fp_line (start -1.85 0.95) (end -1.85 -0.95) (layer F.CrtYd) (width 0.05))
    (fp_line (start -0.261252 0.71) (end 0.261252 0.71) (layer F.SilkS) (width 0.12))
    (fp_line (start -0.261252 -0.71) (end 0.261252 -0.71) (layer F.SilkS) (width 0.12))
    (fp_line (start 1 0.6) (end -1 0.6) (layer F.Fab) (width 0.1))
    (fp_line (start 1 -0.6) (end 1 0.6) (layer F.Fab) (width 0.1))
    (fp_line (start -1 -0.6) (end 1 -0.6) (layer F.Fab) (width 0.1))
    (fp_line (start -1 0.6) (end -1 -0.6) (layer F.Fab) (width 0.1))
    (pad 2 smd roundrect (at 1.025 0 180) (size 1.15 1.4) (layers F.Cu F.Paste F.Mask) (roundrect_rratio 0.217391)
      (net 20 /BLUHI))
    (pad 1 smd roundrect (at -1.025 0 180) (size 1.15 1.4) (layers F.Cu F.Paste F.Mask) (roundrect_rratio 0.217391)
      (net 11 "Net-(P3-Pad3)"))
    (model ${KISYS3DMOD}/Resistor_SMD.3dshapes/R_0805_2012Metric.wrl
      (at (xyz 0 0 0))
      (scale (xyz 1 1 1))
      (rotate (xyz 0 0 0))
    )
  )

  (module Resistor_SMD:R_0805_2012Metric_Pad1.15x1.40mm_HandSolder (layer F.Cu) (tedit 5B36C52B) (tstamp 5DF9585B)
    (at 73.9648 41.148 180)
    (descr "Resistor SMD 0805 (2012 Metric), square (rectangular) end terminal, IPC_7351 nominal with elongated pad for handsoldering. (Body size source: https://docs.google.com/spreadsheets/d/1BsfQQcO9C6DZCsRaXUlFlo91Tg2WpOkGARC1WS5S8t0/edit?usp=sharing), generated with kicad-footprint-generator")
    (tags "resistor handsolder")
    (path /5DEE8F68)
    (attr smd)
    (fp_text reference R6 (at 3.048 0 180) (layer F.SilkS)
      (effects (font (size 1.27 1.27) (thickness 0.3175)))
    )
    (fp_text value 845 (at 0 1.65 180) (layer F.Fab)
      (effects (font (size 1 1) (thickness 0.15)))
    )
    (fp_line (start -1 0.6) (end -1 -0.6) (layer F.Fab) (width 0.1))
    (fp_line (start -1 -0.6) (end 1 -0.6) (layer F.Fab) (width 0.1))
    (fp_line (start 1 -0.6) (end 1 0.6) (layer F.Fab) (width 0.1))
    (fp_line (start 1 0.6) (end -1 0.6) (layer F.Fab) (width 0.1))
    (fp_line (start -0.261252 -0.71) (end 0.261252 -0.71) (layer F.SilkS) (width 0.12))
    (fp_line (start -0.261252 0.71) (end 0.261252 0.71) (layer F.SilkS) (width 0.12))
    (fp_line (start -1.85 0.95) (end -1.85 -0.95) (layer F.CrtYd) (width 0.05))
    (fp_line (start -1.85 -0.95) (end 1.85 -0.95) (layer F.CrtYd) (width 0.05))
    (fp_line (start 1.85 -0.95) (end 1.85 0.95) (layer F.CrtYd) (width 0.05))
    (fp_line (start 1.85 0.95) (end -1.85 0.95) (layer F.CrtYd) (width 0.05))
    (fp_text user %R (at 0 0 180) (layer F.Fab)
      (effects (font (size 1 1) (thickness 0.15)))
    )
    (pad 1 smd roundrect (at -1.025 0 180) (size 1.15 1.4) (layers F.Cu F.Paste F.Mask) (roundrect_rratio 0.217391)
      (net 11 "Net-(P3-Pad3)"))
    (pad 2 smd roundrect (at 1.025 0 180) (size 1.15 1.4) (layers F.Cu F.Paste F.Mask) (roundrect_rratio 0.217391)
      (net 21 /BLULO))
    (model ${KISYS3DMOD}/Resistor_SMD.3dshapes/R_0805_2012Metric.wrl
      (at (xyz 0 0 0))
      (scale (xyz 1 1 1))
      (rotate (xyz 0 0 0))
    )
  )

  (module Resistor_SMD:R_0805_2012Metric_Pad1.15x1.40mm_HandSolder (layer F.Cu) (tedit 5B36C52B) (tstamp 5DF9587B)
    (at 69.596 24.892 90)
    (descr "Resistor SMD 0805 (2012 Metric), square (rectangular) end terminal, IPC_7351 nominal with elongated pad for handsoldering. (Body size source: https://docs.google.com/spreadsheets/d/1BsfQQcO9C6DZCsRaXUlFlo91Tg2WpOkGARC1WS5S8t0/edit?usp=sharing), generated with kicad-footprint-generator")
    (tags "resistor handsolder")
    (path /5E24BC5E)
    (attr smd)
    (fp_text reference R8 (at 2.794 0 180) (layer F.SilkS)
      (effects (font (size 1.27 1.27) (thickness 0.3175)))
    )
    (fp_text value 150 (at 0 1.65 90) (layer F.Fab)
      (effects (font (size 1 1) (thickness 0.15)))
    )
    (fp_text user %R (at 0 0 90) (layer F.Fab)
      (effects (font (size 1 1) (thickness 0.15)))
    )
    (fp_line (start 1.85 0.95) (end -1.85 0.95) (layer F.CrtYd) (width 0.05))
    (fp_line (start 1.85 -0.95) (end 1.85 0.95) (layer F.CrtYd) (width 0.05))
    (fp_line (start -1.85 -0.95) (end 1.85 -0.95) (layer F.CrtYd) (width 0.05))
    (fp_line (start -1.85 0.95) (end -1.85 -0.95) (layer F.CrtYd) (width 0.05))
    (fp_line (start -0.261252 0.71) (end 0.261252 0.71) (layer F.SilkS) (width 0.12))
    (fp_line (start -0.261252 -0.71) (end 0.261252 -0.71) (layer F.SilkS) (width 0.12))
    (fp_line (start 1 0.6) (end -1 0.6) (layer F.Fab) (width 0.1))
    (fp_line (start 1 -0.6) (end 1 0.6) (layer F.Fab) (width 0.1))
    (fp_line (start -1 -0.6) (end 1 -0.6) (layer F.Fab) (width 0.1))
    (fp_line (start -1 0.6) (end -1 -0.6) (layer F.Fab) (width 0.1))
    (pad 2 smd roundrect (at 1.025 0 90) (size 1.15 1.4) (layers F.Cu F.Paste F.Mask) (roundrect_rratio 0.217391)
      (net 10 "Net-(C1-Pad1)"))
    (pad 1 smd roundrect (at -1.025 0 90) (size 1.15 1.4) (layers F.Cu F.Paste F.Mask) (roundrect_rratio 0.217391)
      (net 2 GND))
    (model ${KISYS3DMOD}/Resistor_SMD.3dshapes/R_0805_2012Metric.wrl
      (at (xyz 0 0 0))
      (scale (xyz 1 1 1))
      (rotate (xyz 0 0 0))
    )
  )

  (module LandBoards_Marking:TEST_BLK-REAR (layer F.Cu) (tedit 5E35AA03) (tstamp 5DF958A1)
    (at 18.4404 77.0382)
    (path /59399B7A)
    (fp_text reference TEST1 (at 0 -3.5) (layer B.SilkS)
      (effects (font (size 1.27 1.27) (thickness 0.3175)) (justify mirror))
    )
    (fp_text value COUPON (at 0 4) (layer F.SilkS) hide
      (effects (font (size 1.524 1.524) (thickness 0.3048)))
    )
    (fp_line (start -2 -2) (end 2 -2) (layer B.SilkS) (width 0.65))
    (fp_line (start 2 -2) (end 2 2) (layer B.SilkS) (width 0.65))
    (fp_line (start 2 2) (end -2 2) (layer B.SilkS) (width 0.65))
    (fp_line (start -2 2) (end -2 -2) (layer B.SilkS) (width 0.65))
    (fp_line (start -2 -2) (end -2 -1.5) (layer B.SilkS) (width 0.65))
    (fp_line (start -2 -1.5) (end 2 -1.5) (layer B.SilkS) (width 0.65))
    (fp_line (start 2 -1.5) (end 2 -1) (layer B.SilkS) (width 0.65))
    (fp_line (start 2 -1) (end -2 -1) (layer B.SilkS) (width 0.65))
    (fp_line (start -2 -1) (end -2 -0.5) (layer B.SilkS) (width 0.65))
    (fp_line (start -2 -0.5) (end 2 -0.5) (layer B.SilkS) (width 0.65))
    (fp_line (start 2 -0.5) (end 2 0) (layer B.SilkS) (width 0.65))
    (fp_line (start 2 0) (end -2 0) (layer B.SilkS) (width 0.65))
    (fp_line (start -2 0) (end -2 0.5) (layer B.SilkS) (width 0.65))
    (fp_line (start -2 0.5) (end 1.5 0.5) (layer B.SilkS) (width 0.65))
    (fp_line (start 1.5 0.5) (end 2 0.5) (layer B.SilkS) (width 0.65))
    (fp_line (start 2 0.5) (end 2 1) (layer B.SilkS) (width 0.65))
    (fp_line (start 2 1) (end -2 1) (layer B.SilkS) (width 0.65))
    (fp_line (start -2 1) (end -2 1.5) (layer B.SilkS) (width 0.65))
    (fp_line (start -2 1.5) (end 2 1.5) (layer B.SilkS) (width 0.65))
  )

  (module Package_SO:SOIC-14_3.9x8.7mm_P1.27mm (layer F.Cu) (tedit 5A02F2D3) (tstamp 5DF958A2)
    (at 83.058 84.836)
    (descr "14-Lead Plastic Small Outline (SL) - Narrow, 3.90 mm Body [SOIC] (see Microchip Packaging Specification 00000049BS.pdf)")
    (tags "SOIC 1.27")
    (path /5DF7EC0F)
    (attr smd)
    (fp_text reference U2 (at -3.048 -6.096) (layer F.SilkS)
      (effects (font (size 1.27 1.27) (thickness 0.3175)))
    )
    (fp_text value TXS0104EDR (at 0 5.375) (layer F.Fab)
      (effects (font (size 1 1) (thickness 0.15)))
    )
    (fp_text user %R (at 0 0) (layer F.Fab)
      (effects (font (size 1 1) (thickness 0.15)))
    )
    (fp_line (start -0.95 -4.35) (end 1.95 -4.35) (layer F.Fab) (width 0.15))
    (fp_line (start 1.95 -4.35) (end 1.95 4.35) (layer F.Fab) (width 0.15))
    (fp_line (start 1.95 4.35) (end -1.95 4.35) (layer F.Fab) (width 0.15))
    (fp_line (start -1.95 4.35) (end -1.95 -3.35) (layer F.Fab) (width 0.15))
    (fp_line (start -1.95 -3.35) (end -0.95 -4.35) (layer F.Fab) (width 0.15))
    (fp_line (start -3.7 -4.65) (end -3.7 4.65) (layer F.CrtYd) (width 0.05))
    (fp_line (start 3.7 -4.65) (end 3.7 4.65) (layer F.CrtYd) (width 0.05))
    (fp_line (start -3.7 -4.65) (end 3.7 -4.65) (layer F.CrtYd) (width 0.05))
    (fp_line (start -3.7 4.65) (end 3.7 4.65) (layer F.CrtYd) (width 0.05))
    (fp_line (start -2.075 -4.45) (end -2.075 -4.425) (layer F.SilkS) (width 0.15))
    (fp_line (start 2.075 -4.45) (end 2.075 -4.335) (layer F.SilkS) (width 0.15))
    (fp_line (start 2.075 4.45) (end 2.075 4.335) (layer F.SilkS) (width 0.15))
    (fp_line (start -2.075 4.45) (end -2.075 4.335) (layer F.SilkS) (width 0.15))
    (fp_line (start -2.075 -4.45) (end 2.075 -4.45) (layer F.SilkS) (width 0.15))
    (fp_line (start -2.075 4.45) (end 2.075 4.45) (layer F.SilkS) (width 0.15))
    (fp_line (start -2.075 -4.425) (end -3.45 -4.425) (layer F.SilkS) (width 0.15))
    (pad 1 smd rect (at -2.7 -3.81) (size 1.5 0.6) (layers F.Cu F.Paste F.Mask)
      (net 3 +3V3))
    (pad 2 smd rect (at -2.7 -2.54) (size 1.5 0.6) (layers F.Cu F.Paste F.Mask)
      (net 23 /KBDAT))
    (pad 3 smd rect (at -2.7 -1.27) (size 1.5 0.6) (layers F.Cu F.Paste F.Mask)
      (net 24 /KBCLK))
    (pad 4 smd rect (at -2.7 0) (size 1.5 0.6) (layers F.Cu F.Paste F.Mask)
      (net 26 /MSEDAT))
    (pad 5 smd rect (at -2.7 1.27) (size 1.5 0.6) (layers F.Cu F.Paste F.Mask)
      (net 25 /MSECLK))
    (pad 6 smd rect (at -2.7 2.54) (size 1.5 0.6) (layers F.Cu F.Paste F.Mask))
    (pad 7 smd rect (at -2.7 3.81) (size 1.5 0.6) (layers F.Cu F.Paste F.Mask)
      (net 2 GND))
    (pad 8 smd rect (at 2.7 3.81) (size 1.5 0.6) (layers F.Cu F.Paste F.Mask)
      (net 3 +3V3))
    (pad 9 smd rect (at 2.7 2.54) (size 1.5 0.6) (layers F.Cu F.Paste F.Mask))
    (pad 10 smd rect (at 2.7 1.27) (size 1.5 0.6) (layers F.Cu F.Paste F.Mask)
      (net 35 "Net-(P1-Pad5)"))
    (pad 11 smd rect (at 2.7 0) (size 1.5 0.6) (layers F.Cu F.Paste F.Mask)
      (net 36 "Net-(P1-Pad1)"))
    (pad 12 smd rect (at 2.7 -1.27) (size 1.5 0.6) (layers F.Cu F.Paste F.Mask)
      (net 38 "Net-(P2-Pad5)"))
    (pad 13 smd rect (at 2.7 -2.54) (size 1.5 0.6) (layers F.Cu F.Paste F.Mask)
      (net 37 "Net-(P2-Pad1)"))
    (pad 14 smd rect (at 2.7 -3.81) (size 1.5 0.6) (layers F.Cu F.Paste F.Mask)
      (net 1 +5V))
    (model ${KISYS3DMOD}/Package_SO.3dshapes/SOIC-14_3.9x8.7mm_P1.27mm.wrl
      (at (xyz 0 0 0))
      (scale (xyz 1 1 1))
      (rotate (xyz 0 0 0))
    )
  )

  (module LandBoards_Conns:Connector_Mini-DIN_Female_6Pin_2rows (layer F.Cu) (tedit 58E946D2) (tstamp 5DFA1C7C)
    (at 96.266 64.008 90)
    (descr "A footprint for the generic 6 pin Mini-DIN through hole connector with shell.")
    (tags "mini din 6pin connector socket")
    (path /5E0DDD97)
    (fp_text reference P2 (at 7.112 -5.588 90) (layer F.SilkS)
      (effects (font (size 1.27 1.27) (thickness 0.3175)))
    )
    (fp_text value "MINI-DIN6, PS2 (PURP)" (at -0.03 10.15 90) (layer F.Fab)
      (effects (font (size 1 1) (thickness 0.15)))
    )
    (fp_text user %R (at -1.27 -6.35 90) (layer F.Fab)
      (effects (font (size 1 1) (thickness 0.15)))
    )
    (fp_line (start 6.7 -4.3) (end 6.7 8.5) (layer F.Fab) (width 0.1))
    (fp_line (start 6.7 8.5) (end -9.3 8.5) (layer F.Fab) (width 0.1))
    (fp_line (start -9.3 8.5) (end -9.3 -4.3) (layer F.Fab) (width 0.1))
    (fp_line (start -9.3 -4.3) (end 6.7 -4.3) (layer F.Fab) (width 0.1))
    (fp_line (start 6.8 -4.4) (end 6.8 8.6) (layer F.SilkS) (width 0.12))
    (fp_line (start -9.4 -4.4) (end -9.4 8.6) (layer F.SilkS) (width 0.12))
    (fp_line (start -9.4 -4.4) (end 6.8 -4.4) (layer F.SilkS) (width 0.12))
    (fp_line (start -9.4 8.6) (end 6.8 8.6) (layer F.SilkS) (width 0.12))
    (fp_line (start -9.81 -5.05) (end 7.19 -5.05) (layer F.CrtYd) (width 0.05))
    (fp_line (start -9.81 -5.05) (end -9.81 9) (layer F.CrtYd) (width 0.05))
    (fp_line (start 7.19 9) (end 7.19 -5.05) (layer F.CrtYd) (width 0.05))
    (fp_line (start 7.19 9) (end -9.81 9) (layer F.CrtYd) (width 0.05))
    (pad 7 thru_hole oval (at -8.15 2.85 90) (size 2 3.5) (drill oval 1 2.5) (layers *.Cu *.Mask))
    (pad 7 thru_hole oval (at 5.55 2.85 90) (size 2 3.5) (drill oval 1 2.5) (layers *.Cu *.Mask))
    (pad 1 thru_hole rect (at 0 0 90) (size 1.6 1.6) (drill 0.8) (layers *.Cu *.Mask)
      (net 37 "Net-(P2-Pad1)"))
    (pad 2 thru_hole circle (at -2.6 0 90) (size 1.6 1.6) (drill 0.8) (layers *.Cu *.Mask))
    (pad 3 thru_hole circle (at 2.1 0 90) (size 1.6 1.6) (drill 0.8) (layers *.Cu *.Mask)
      (net 2 GND))
    (pad 4 thru_hole circle (at -4.7 0 90) (size 1.6 1.6) (drill 0.8) (layers *.Cu *.Mask)
      (net 1 +5V))
    (pad 5 thru_hole circle (at 2.1 -2.8 90) (size 1.6 1.6) (drill 0.8) (layers *.Cu *.Mask)
      (net 38 "Net-(P2-Pad5)"))
    (pad 6 thru_hole circle (at -4.7 -2.8 90) (size 1.6 1.6) (drill 0.8) (layers *.Cu *.Mask))
    (pad 7 thru_hole oval (at -1.3 3.65 90) (size 4 2) (drill oval 3 1) (layers *.Cu *.Mask))
  )

  (module LandBoards_Conns:Connector_Mini-DIN_Female_6Pin_2rows (layer F.Cu) (tedit 58E946D2) (tstamp 5DFA1C95)
    (at 96.266 83.058 90)
    (descr "A footprint for the generic 6 pin Mini-DIN through hole connector with shell.")
    (tags "mini din 6pin connector socket")
    (path /5E0DDE0B)
    (fp_text reference P1 (at 7.366 -5.334 90) (layer F.SilkS)
      (effects (font (size 1.27 1.27) (thickness 0.3175)))
    )
    (fp_text value "MINI-DIN6, PS2 (GRN)" (at -0.03 10.15 90) (layer F.Fab)
      (effects (font (size 1 1) (thickness 0.15)))
    )
