(kicad_pcb (version 20171130) (host pcbnew "(5.1.10)-1")

  (general
    (thickness 1.6002)
    (drawings 26)
    (tracks 108)
    (zones 0)
    (modules 18)
    (nets 21)
  )

  (page A)
  (title_block
    (date "28 mar 2015")
    (rev X1)
  )

  (layers
    (0 Front signal)
    (31 Back signal)
    (36 B.SilkS user)
    (37 F.SilkS user)
    (38 B.Mask user)
    (39 F.Mask user hide)
    (40 Dwgs.User user)
    (44 Edge.Cuts user)
    (45 Margin user)
    (46 B.CrtYd user hide)
    (47 F.CrtYd user hide)
    (48 B.Fab user hide)
    (49 F.Fab user hide)
  )

  (setup
    (last_trace_width 0.2032)
    (user_trace_width 0.254)
    (user_trace_width 0.635)
    (trace_clearance 0.254)
    (zone_clearance 0.3048)
    (zone_45_only no)
    (trace_min 0.2032)
    (via_size 0.889)
    (via_drill 0.635)
    (via_min_size 0.889)
    (via_min_drill 0.508)
    (uvia_size 0.508)
    (uvia_drill 0.127)
    (uvias_allowed no)
    (uvia_min_size 0.508)
    (uvia_min_drill 0.127)
    (edge_width 0.381)
    (segment_width 0.381)
    (pcb_text_width 0.3048)
    (pcb_text_size 1.524 2.032)
    (mod_edge_width 0.381)
    (mod_text_size 1.524 1.524)
    (mod_text_width 0.3048)
    (pad_size 6.35 6.35)
    (pad_drill 3.175)
    (pad_to_mask_clearance 0)
    (aux_axis_origin 0 0)
    (grid_origin 10 10)
    (visible_elements 7EFFFF7F)
    (pcbplotparams
      (layerselection 0x010f0_ffffffff)
      (usegerberextensions true)
      (usegerberattributes false)
      (usegerberadvancedattributes false)
      (creategerberjobfile false)
      (excludeedgelayer true)
      (linewidth 0.150000)
      (plotframeref false)
      (viasonmask false)
      (mode 1)
      (useauxorigin false)
      (hpglpennumber 1)
      (hpglpenspeed 20)
      (hpglpendiameter 15.000000)
      (psnegative false)
      (psa4output false)
      (plotreference true)
      (plotvalue true)
      (plotinvisibletext false)
      (padsonsilk false)
      (subtractmaskfromsilk false)
      (outputformat 1)
      (mirror false)
      (drillshape 0)
      (scaleselection 1)
      (outputdirectory "plots/"))
  )

  (net 0 "")
  (net 1 GND)
  (net 2 VCC)
  (net 3 /DAT1)
  (net 4 /CLK1)
  (net 5 /CLK2)
  (net 6 /DAT2)
  (net 7 /KDAT1)
  (net 8 /KCLK1)
  (net 9 /KCLK2)
  (net 10 /KDAT2)
  (net 11 +3V3)
  (net 12 "Net-(J1-Pad2)")
  (net 13 "Net-(J1-Pad6)")
  (net 14 "Net-(J2-Pad6)")
  (net 15 "Net-(J2-Pad2)")
  (net 16 "Net-(MTG1-Pad1)")
  (net 17 "Net-(MTG2-Pad1)")
  (net 18 "Net-(MTG3-Pad1)")
  (net 19 "Net-(MTG4-Pad1)")
  (net 20 /PWR1)

  (net_class Default "This is the default net class."
    (clearance 0.254)
    (trace_width 0.2032)
    (via_dia 0.889)
    (via_drill 0.635)
    (uvia_dia 0.508)
    (uvia_drill 0.127)
    (diff_pair_width 0.2032)
    (diff_pair_gap 0.25)
    (add_net +3V3)
    (add_net /CLK1)
    (add_net /CLK2)
    (add_net /DAT1)
    (add_net /DAT2)
    (add_net /KCLK1)
    (add_net /KCLK2)
    (add_net /KDAT1)
    (add_net /KDAT2)
    (add_net /PWR1)
    (add_net GND)
    (add_net "Net-(J1-Pad2)")
    (add_net "Net-(J1-Pad6)")
    (add_net "Net-(J2-Pad2)")
    (add_net "Net-(J2-Pad6)")
    (add_net "Net-(MTG1-Pad1)")
    (add_net "Net-(MTG2-Pad1)")
    (add_net "Net-(MTG3-Pad1)")
    (add_net "Net-(MTG4-Pad1)")
    (add_net VCC)
  )

  (net_class POWER ""
    (clearance 0.254)
    (trace_width 0.635)
    (via_dia 0.889)
    (via_drill 0.635)
    (uvia_dia 0.508)
    (uvia_drill 0.127)
    (diff_pair_width 0.2032)
    (diff_pair_gap 0.25)
  )

  (module MTG-4-40 locked (layer Front) (tedit 50F036E3) (tstamp 51AF63A5)
    (at 14 55)
    (path /5030F2C2)
    (fp_text reference MTG3 (at -6.858 -0.635) (layer F.SilkS) hide
      (effects (font (size 1.524 1.524) (thickness 0.3048)))
    )
    (fp_text value CONN_1 (at 0 -5.08) (layer F.SilkS) hide
      (effects (font (size 1.524 1.524) (thickness 0.3048)))
    )
    (pad 1 thru_hole circle (at 0 0) (size 6.35 6.35) (drill 3.175) (layers *.Cu *.Mask F.SilkS)
      (net 18 "Net-(MTG3-Pad1)"))
  )

  (module MTG-4-40 locked (layer Front) (tedit 50F036E3) (tstamp 51AF63AA)
    (at 55 55)
    (path /5030F2C1)
    (fp_text reference MTG4 (at -6.858 -0.635) (layer F.SilkS) hide
      (effects (font (size 1.524 1.524) (thickness 0.3048)))
    )
    (fp_text value CONN_1 (at 0 -5.08) (layer F.SilkS) hide
      (effects (font (size 1.524 1.524) (thickness 0.3048)))
    )
    (pad 1 thru_hole circle (at 0 0) (size 6.35 6.35) (drill 3.175) (layers *.Cu *.Mask F.SilkS)
      (net 19 "Net-(MTG4-Pad1)"))
  )

  (module MTG-4-40 locked (layer Front) (tedit 50F036E3) (tstamp 51AF63AF)
    (at 55 14)
    (path /5030F2BD)
    (fp_text reference MTG2 (at -6.858 -0.635) (layer F.SilkS) hide
      (effects (font (size 1.524 1.524) (thickness 0.3048)))
    )
    (fp_text value CONN_1 (at 0 -5.08) (layer F.SilkS) hide
      (effects (font (size 1.524 1.524) (thickness 0.3048)))
    )
    (pad 1 thru_hole circle (at 0 0) (size 6.35 6.35) (drill 3.175) (layers *.Cu *.Mask F.SilkS)
      (net 17 "Net-(MTG2-Pad1)"))
  )

  (module MTG-4-40 locked (layer Front) (tedit 50F036E3) (tstamp 51AF63B4)
    (at 14 14)
    (path /5030F2A7)
    (fp_text reference MTG1 (at -6.858 -0.635) (layer F.SilkS) hide
      (effects (font (size 1.524 1.524) (thickness 0.3048)))
    )
    (fp_text value CONN_1 (at 0 -5.08) (layer F.SilkS) hide
      (effects (font (size 1.524 1.524) (thickness 0.3048)))
    )
    (pad 1 thru_hole circle (at 0 0) (size 6.35 6.35) (drill 3.175) (layers *.Cu *.Mask F.SilkS)
      (net 16 "Net-(MTG1-Pad1)"))
  )

  (module LandBoards_Conns:Connector_Mini-DIN_Female_6Pin_2rows (layer Front) (tedit 58E946D2) (tstamp 5DD34B03)
    (at 50.292 24.892 90)
    (descr "A footprint for the generic 6 pin Mini-DIN through hole connector with shell.")
    (tags "mini din 6pin connector socket")
    (path /5DD34587)
    (fp_text reference J1 (at 2.032 -5.842 90) (layer F.SilkS)
      (effects (font (size 1.524 1.524) (thickness 0.3048)))
    )
    (fp_text value Conn_01x06 (at -0.03 10.15 90) (layer F.Fab)
      (effects (font (size 1 1) (thickness 0.15)))
    )
    (fp_line (start 7.19 9) (end -9.81 9) (layer F.CrtYd) (width 0.05))
    (fp_line (start 7.19 9) (end 7.19 -5.05) (layer F.CrtYd) (width 0.05))
    (fp_line (start -9.81 -5.05) (end -9.81 9) (layer F.CrtYd) (width 0.05))
    (fp_line (start -9.81 -5.05) (end 7.19 -5.05) (layer F.CrtYd) (width 0.05))
    (fp_line (start -9.4 8.6) (end 6.8 8.6) (layer F.SilkS) (width 0.12))
    (fp_line (start -9.4 -4.4) (end 6.8 -4.4) (layer F.SilkS) (width 0.12))
    (fp_line (start -9.4 -4.4) (end -9.4 8.6) (layer F.SilkS) (width 0.12))
    (fp_line (start 6.8 -4.4) (end 6.8 8.6) (layer F.SilkS) (width 0.12))
    (fp_line (start -9.3 -4.3) (end 6.7 -4.3) (layer F.Fab) (width 0.1))
    (fp_line (start -9.3 8.5) (end -9.3 -4.3) (layer F.Fab) (width 0.1))
    (fp_line (start 6.7 8.5) (end -9.3 8.5) (layer F.Fab) (width 0.1))
    (fp_line (start 6.7 -4.3) (end 6.7 8.5) (layer F.Fab) (width 0.1))
    (fp_text user %R (at -1.27 -6.35 90) (layer F.Fab)
      (effects (font (size 1 1) (thickness 0.15)))
    )
    (pad 7 thru_hole oval (at -8.15 2.85 90) (size 2 3.5) (drill oval 1 2.5) (layers *.Cu *.Mask))
    (pad 7 thru_hole oval (at 5.55 2.85 90) (size 2 3.5) (drill oval 1 2.5) (layers *.Cu *.Mask))
    (pad 1 thru_hole rect (at 0 0 90) (size 1.6 1.6) (drill 0.8) (layers *.Cu *.Mask)
      (net 7 /KDAT1))
    (pad 2 thru_hole circle (at -2.6 0 90) (size 1.6 1.6) (drill 0.8) (layers *.Cu *.Mask)
      (net 12 "Net-(J1-Pad2)"))
    (pad 3 thru_hole circle (at 2.1 0 90) (size 1.6 1.6) (drill 0.8) (layers *.Cu *.Mask)
      (net 1 GND))
    (pad 4 thru_hole circle (at -4.7 0 90) (size 1.6 1.6) (drill 0.8) (layers *.Cu *.Mask)
      (net 20 /PWR1))
    (pad 5 thru_hole circle (at 2.1 -2.8 90) (size 1.6 1.6) (drill 0.8) (layers *.Cu *.Mask)
      (net 8 /KCLK1))
    (pad 6 thru_hole circle (at -4.7 -2.8 90) (size 1.6 1.6) (drill 0.8) (layers *.Cu *.Mask)
      (net 13 "Net-(J1-Pad6)"))
    (pad 7 thru_hole oval (at -1.3 3.65 90) (size 4 2) (drill oval 3 1) (layers *.Cu *.Mask))
  )

  (module LandBoards_Conns:Connector_Mini-DIN_Female_6Pin_2rows (layer Front) (tedit 58E946D2) (tstamp 5DD34B1D)
    (at 50.292 41.656 90)
    (descr "A footprint for the generic 6 pin Mini-DIN through hole connector with shell.")
    (tags "mini din 6pin connector socket")
    (path /5DD346A4)
    (fp_text reference J2 (at 2.286 -5.842 90) (layer F.SilkS)
      (effects (font (size 1.524 1.524) (thickness 0.3048)))
    )
    (fp_text value Conn_01x06 (at -0.03 10.15 90) (layer F.Fab)
      (effects (font (size 1 1) (thickness 0.15)))
    )
    (fp_line (start 6.7 -4.3) (end 6.7 8.5) (layer F.Fab) (width 0.1))
    (fp_line (start 6.7 8.5) (end -9.3 8.5) (layer F.Fab) (width 0.1))
    (fp_line (start -9.3 8.5) (end -9.3 -4.3) (layer F.Fab) (width 0.1))
    (fp_line (start -9.3 -4.3) (end 6.7 -4.3) (layer F.Fab) (width 0.1))
    (fp_line (start 6.8 -4.4) (end 6.8 8.6) (layer F.SilkS) (width 0.12))
    (fp_line (start -9.4 -4.4) (end -9.4 8.6) (layer F.SilkS) (width 0.12))
    (fp_line (start -9.4 -4.4) (end 6.8 -4.4) (layer F.SilkS) (width 0.12))
    (fp_line (start -9.4 8.6) (end 6.8 8.6) (layer F.SilkS) (width 0.12))
    (fp_line (start -9.81 -5.05) (end 7.19 -5.05) (layer F.CrtYd) (width 0.05))
    (fp_line (start -9.81 -5.05) (end -9.81 9) (layer F.CrtYd) (width 0.05))
    (fp_line (start 7.19 9) (end 7.19 -5.05) (layer F.CrtYd) (width 0.05))
    (fp_line (start 7.19 9) (end -9.81 9) (layer F.CrtYd) (width 0.05))
    (fp_text user %R (at -1.27 -6.35 90) (layer F.Fab)
      (effects (font (size 1 1) (thickness 0.15)))
    )
    (pad 7 thru_hole oval (at -1.3 3.65 90) (size 4 2) (drill oval 3 1) (layers *.Cu *.Mask))
    (pad 6 thru_hole circle (at -4.7 -2.8 90) (size 1.6 1.6) (drill 0.8) (layers *.Cu *.Mask)
      (net 14 "Net-(J2-Pad6)"))
    (pad 5 thru_hole circle (at 2.1 -2.8 90) (size 1.6 1.6) (drill 0.8) (layers *.Cu *.Mask)
      (net 9 /KCLK2))
    (pad 4 thru_hole circle (at -4.7 0 90) (size 1.6 1.6) (drill 0.8) (layers *.Cu *.Mask)
      (net 20 /PWR1))
    (pad 3 thru_hole circle (at 2.1 0 90) (size 1.6 1.6) (drill 0.8) (layers *.Cu *.Mask)
      (net 1 GND))
    (pad 2 thru_hole circle (at -2.6 0 90) (size 1.6 1.6) (drill 0.8) (layers *.Cu *.Mask)
      (net 15 "Net-(J2-Pad2)"))
    (pad 1 thru_hole rect (at 0 0 90) (size 1.6 1.6) (drill 0.8) (layers *.Cu *.Mask)
      (net 10 /KDAT2))
    (pad 7 thru_hole oval (at 5.55 2.85 90) (size 2 3.5) (drill oval 1 2.5) (layers *.Cu *.Mask))
    (pad 7 thru_hole oval (at -8.15 2.85 90) (size 2 3.5) (drill oval 1 2.5) (layers *.Cu *.Mask))
  )

  (module Connector_PinHeader_2.54mm:PinHeader_2x05_P2.54mm_Vertical (layer Front) (tedit 59FED5CC) (tstamp 5DD50A6A)
    (at 19.304 30.48)
    (descr "Through hole straight pin header, 2x05, 2.54mm pitch, double rows")
    (tags "Through hole pin header THT 2x05 2.54mm double row")
    (path /5DD4466A)
    (fp_text reference J3 (at 0 -2.54) (layer F.SilkS)
      (effects (font (size 1.524 1.524) (thickness 0.3048)))
    )
    (fp_text value Conn_02x05_Odd_Even (at 1.27 12.49) (layer F.Fab)
      (effects (font (size 1 1) (thickness 0.15)))
    )
    (fp_line (start 4.35 -1.8) (end -1.8 -1.8) (layer F.CrtYd) (width 0.05))
    (fp_line (start 4.35 11.95) (end 4.35 -1.8) (layer F.CrtYd) (width 0.05))
    (fp_line (start -1.8 11.95) (end 4.35 11.95) (layer F.CrtYd) (width 0.05))
    (fp_line (start -1.8 -1.8) (end -1.8 11.95) (layer F.CrtYd) (width 0.05))
    (fp_line (start -1.33 -1.33) (end 0 -1.33) (layer F.SilkS) (width 0.12))
    (fp_line (start -1.33 0) (end -1.33 -1.33) (layer F.SilkS) (width 0.12))
    (fp_line (start 1.27 -1.33) (end 3.87 -1.33) (layer F.SilkS) (width 0.12))
    (fp_line (start 1.27 1.27) (end 1.27 -1.33) (layer F.SilkS) (width 0.12))
    (fp_line (start -1.33 1.27) (end 1.27 1.27) (layer F.SilkS) (width 0.12))
    (fp_line (start 3.87 -1.33) (end 3.87 11.49) (layer F.SilkS) (width 0.12))
    (fp_line (start -1.33 1.27) (end -1.33 11.49) (layer F.SilkS) (width 0.12))
    (fp_line (start -1.33 11.49) (end 3.87 11.49) (layer F.SilkS) (width 0.12))
    (fp_line (start -1.27 0) (end 0 -1.27) (layer F.Fab) (width 0.1))
    (fp_line (start -1.27 11.43) (end -1.27 0) (layer F.Fab) (width 0.1))
    (fp_line (start 3.81 11.43) (end -1.27 11.43) (layer F.Fab) (width 0.1))
    (fp_line (start 3.81 -1.27) (end 3.81 11.43) (layer F.Fab) (width 0.1))
    (fp_line (start 0 -1.27) (end 3.81 -1.27) (layer F.Fab) (width 0.1))
    (fp_text user %R (at 1.27 5.08 90) (layer F.Fab)
      (effects (font (size 1 1) (thickness 0.15)))
    )
    (pad 1 thru_hole rect (at 0 0) (size 1.7 1.7) (drill 1) (layers *.Cu *.Mask)
      (net 20 /PWR1))
    (pad 2 thru_hole oval (at 2.54 0) (size 1.7 1.7) (drill 1) (layers *.Cu *.Mask)
      (net 20 /PWR1))
    (pad 3 thru_hole oval (at 0 2.54) (size 1.7 1.7) (drill 1) (layers *.Cu *.Mask)
      (net 11 +3V3))
    (pad 4 thru_hole oval (at 2.54 2.54) (size 1.7 1.7) (drill 1) (layers *.Cu *.Mask)
      (net 11 +3V3))
    (pad 5 thru_hole oval (at 0 5.08) (size 1.7 1.7) (drill 1) (layers *.Cu *.Mask)
      (net 5 /CLK2))
    (pad 6 thru_hole oval (at 2.54 5.08) (size 1.7 1.7) (drill 1) (layers *.Cu *.Mask)
      (net 4 /CLK1))
    (pad 7 thru_hole oval (at 0 7.62) (size 1.7 1.7) (drill 1) (layers *.Cu *.Mask)
      (net 6 /DAT2))
    (pad 8 thru_hole oval (at 2.54 7.62) (size 1.7 1.7) (drill 1) (layers *.Cu *.Mask)
      (net 3 /DAT1))
    (pad 9 thru_hole oval (at 0 10.16) (size 1.7 1.7) (drill 1) (layers *.Cu *.Mask)
      (net 1 GND))
    (pad 10 thru_hole oval (at 2.54 10.16) (size 1.7 1.7) (drill 1) (layers *.Cu *.Mask)
      (net 1 GND))
    (model ${KISYS3DMOD}/Connector_PinHeader_2.54mm.3dshapes/PinHeader_2x05_P2.54mm_Vertical.wrl
      (at (xyz 0 0 0))
      (scale (xyz 1 1 1))
      (rotate (xyz 0 0 0))
    )
  )

  (module Package_SO:SOIC-14_3.9x8.7mm_P1.27mm (layer Front) (tedit 5A02F2D3) (tstamp 5DD50ADE)
    (at 33.528 37.084)
    (descr "14-Lead Plastic Small Outline (SL) - Narrow, 3.90 mm Body [SOIC] (see Microchip Packaging Specification 00000049BS.pdf)")
    (tags "SOIC 1.27")
    (path /5DD46F75)
    (attr smd)
    (fp_text reference U1 (at -2.032 -6.477) (layer F.SilkS)
      (effects (font (size 1.524 1.524) (thickness 0.3048)))
    )
    (fp_text value TXS0104 (at 0 5.375) (layer F.Fab)
      (effects (font (size 1 1) (thickness 0.15)))
    )
    (fp_line (start -2.075 -4.425) (end -3.45 -4.425) (layer F.SilkS) (width 0.15))
    (fp_line (start -2.075 4.45) (end 2.075 4.45) (layer F.SilkS) (width 0.15))
    (fp_line (start -2.075 -4.45) (end 2.075 -4.45) (layer F.SilkS) (width 0.15))
    (fp_line (start -2.075 4.45) (end -2.075 4.335) (layer F.SilkS) (width 0.15))
    (fp_line (start 2.075 4.45) (end 2.075 4.335) (layer F.SilkS) (width 0.15))
    (fp_line (start 2.075 -4.45) (end 2.075 -4.335) (layer F.SilkS) (width 0.15))
    (fp_line (start -2.075 -4.45) (end -2.075 -4.425) (layer F.SilkS) (width 0.15))
    (fp_line (start -3.7 4.65) (end 3.7 4.65) (layer F.CrtYd) (width 0.05))
    (fp_line (start -3.7 -4.65) (end 3.7 -4.65) (layer F.CrtYd) (width 0.05))
    (fp_line (start 3.7 -4.65) (end 3.7 4.65) (layer F.CrtYd) (width 0.05))
    (fp_line (start -3.7 -4.65) (end -3.7 4.65) (layer F.CrtYd) (width 0.05))
    (fp_line (start -1.95 -3.35) (end -0.95 -4.35) (layer F.Fab) (width 0.15))
    (fp_line (start -1.95 4.35) (end -1.95 -3.35) (layer F.Fab) (width 0.15))
    (fp_line (start 1.95 4.35) (end -1.95 4.35) (layer F.Fab) (width 0.15))
    (fp_line (start 1.95 -4.35) (end 1.95 4.35) (layer F.Fab) (width 0.15))
    (fp_line (start -0.95 -4.35) (end 1.95 -4.35) (layer F.Fab) (width 0.15))
    (fp_text user %R (at 0 0) (layer F.Fab)
      (effects (font (size 0.9 0.9) (thickness 0.135)))
    )
    (pad 1 smd rect (at -2.7 -3.81) (size 1.5 0.6) (layers Front F.Paste F.Mask)
      (net 11 +3V3))
    (pad 2 smd rect (at -2.7 -2.54) (size 1.5 0.6) (layers Front F.Paste F.Mask)
      (net 4 /CLK1))
    (pad 3 smd rect (at -2.7 -1.27) (size 1.5 0.6) (layers Front F.Paste F.Mask)
      (net 3 /DAT1))
    (pad 4 smd rect (at -2.7 0) (size 1.5 0.6) (layers Front F.Paste F.Mask)
      (net 5 /CLK2))
    (pad 5 smd rect (at -2.7 1.27) (size 1.5 0.6) (layers Front F.Paste F.Mask)
      (net 6 /DAT2))
    (pad 6 smd rect (at -2.7 2.54) (size 1.5 0.6) (layers Front F.Paste F.Mask))
    (pad 7 smd rect (at -2.7 3.81) (size 1.5 0.6) (layers Front F.Paste F.Mask)
      (net 1 GND))
    (pad 8 smd rect (at 2.7 3.81) (size 1.5 0.6) (layers Front F.Paste F.Mask)
      (net 11 +3V3))
    (pad 9 smd rect (at 2.7 2.54) (size 1.5 0.6) (layers Front F.Paste F.Mask))
    (pad 10 smd rect (at 2.7 1.27) (size 1.5 0.6) (layers Front F.Paste F.Mask)
      (net 10 /KDAT2))
    (pad 11 smd rect (at 2.7 0) (size 1.5 0.6) (layers Front F.Paste F.Mask)
      (net 9 /KCLK2))
    (pad 12 smd rect (at 2.7 -1.27) (size 1.5 0.6) (layers Front F.Paste F.Mask)
      (net 7 /KDAT1))
    (pad 13 smd rect (at 2.7 -2.54) (size 1.5 0.6) (layers Front F.Paste F.Mask)
      (net 8 /KCLK1))
    (pad 14 smd rect (at 2.7 -3.81) (size 1.5 0.6) (layers Front F.Paste F.Mask)
      (net 20 /PWR1))
    (model ${KISYS3DMOD}/Package_SO.3dshapes/SOIC-14_3.9x8.7mm_P1.27mm.wrl
      (at (xyz 0 0 0))
      (scale (xyz 1 1 1))
      (rotate (xyz 0 0 0))
    )
  )

  (module Resistor_SMD:R_0805_2012Metric_Pad1.15x1.40mm_HandSolder (layer Back) (tedit 5B36C52B) (tstamp 5DE1A8C8)
    (at 33.528 33.528 180)
    (descr "Resistor SMD 0805 (2012 Metric), square (rectangular) end terminal, IPC_7351 nominal with elongated pad for handsoldering. (Body size source: https://docs.google.com/spreadsheets/d/1BsfQQcO9C6DZCsRaXUlFlo91Tg2WpOkGARC1WS5S8t0/edit?usp=sharing), generated with kicad-footprint-generator")
    (tags "resistor handsolder")
    (path /5DD5FB13)
    (attr smd)
    (fp_text reference R1 (at -3.302 0 180) (layer B.SilkS)
      (effects (font (size 1.524 1.524) (thickness 0.3048)) (justify mirror))
    )
    (fp_text value DNP (at 0 -1.65 180) (layer B.Fab)
      (effects (font (size 1 1) (thickness 0.15)) (justify mirror))
    )
    (fp_line (start 1.85 -0.95) (end -1.85 -0.95) (layer B.CrtYd) (width 0.05))
    (fp_line (start 1.85 0.95) (end 1.85 -0.95) (layer B.CrtYd) (width 0.05))
    (fp_line (start -1.85 0.95) (end 1.85 0.95) (layer B.CrtYd) (width 0.05))
    (fp_line (start -1.85 -0.95) (end -1.85 0.95) (layer B.CrtYd) (width 0.05))
    (fp_line (start -0.261252 -0.71) (end 0.261252 -0.71) (layer B.SilkS) (width 0.12))
    (fp_line (start -0.261252 0.71) (end 0.261252 0.71) (layer B.SilkS) (width 0.12))
    (fp_line (start 1 -0.6) (end -1 -0.6) (layer B.Fab) (width 0.1))
    (fp_line (start 1 0.6) (end 1 -0.6) (layer B.Fab) (width 0.1))
    (fp_line (start -1 0.6) (end 1 0.6) (layer B.Fab) (width 0.1))
    (fp_line (start -1 -0.6) (end -1 0.6) (layer B.Fab) (width 0.1))
    (fp_text user %R (at 0 0 180) (layer B.Fab)
      (effects (font (size 0.5 0.5) (thickness 0.08)) (justify mirror))
    )
    (pad 1 smd roundrect (at -1.025 0 180) (size 1.15 1.4) (layers Back B.Paste B.Mask) (roundrect_rratio 0.2173904347826087)
      (net 8 /KCLK1))
    (pad 2 smd roundrect (at 1.025 0 180) (size 1.15 1.4) (layers Back B.Paste B.Mask) (roundrect_rratio 0.2173904347826087)
      (net 4 /CLK1))
    (model ${KISYS3DMOD}/Resistor_SMD.3dshapes/R_0805_2012Metric.wrl
      (at (xyz 0 0 0))
      (scale (xyz 1 1 1))
      (rotate (xyz 0 0 0))
    )
  )

  (module Resistor_SMD:R_0805_2012Metric_Pad1.15x1.40mm_HandSolder (layer Back) (tedit 5B36C52B) (tstamp 5DE1A8D9)
    (at 33.528 35.56 180)
    (descr "Resistor SMD 0805 (2012 Metric), square (rectangular) end terminal, IPC_7351 nominal with elongated pad for handsoldering. (Body size source: https://docs.google.com/spreadsheets/d/1BsfQQcO9C6DZCsRaXUlFlo91Tg2WpOkGARC1WS5S8t0/edit?usp=sharing), generated with kicad-footprint-generator")
    (tags "resistor handsolder")
    (path /5DD6E8F6)
    (attr smd)
    (fp_text reference R2 (at -3.302 0 180) (layer B.SilkS)
      (effects (font (size 1.524 1.524) (thickness 0.3048)) (justify mirror))
    )
    (fp_text value DNP (at 0 -1.65 180) (layer B.Fab)
      (effects (font (size 1 1) (thickness 0.15)) (justify mirror))
    )
    (fp_line (start -1 -0.6) (end -1 0.6) (layer B.Fab) (width 0.1))
    (fp_line (start -1 0.6) (end 1 0.6) (layer B.Fab) (width 0.1))
    (fp_line (start 1 0.6) (end 1 -0.6) (layer B.Fab) (width 0.1))
    (fp_line (start 1 -0.6) (end -1 -0.6) (layer B.Fab) (width 0.1))
    (fp_line (start -0.261252 0.71) (end 0.261252 0.71) (layer B.SilkS) (width 0.12))
    (fp_line (start -0.261252 -0.71) (end 0.261252 -0.71) (layer B.SilkS) (width 0.12))
    (fp_line (start -1.85 -0.95) (end -1.85 0.95) (layer B.CrtYd) (width 0.05))
    (fp_line (start -1.85 0.95) (end 1.85 0.95) (layer B.CrtYd) (width 0.05))
    (fp_line (start 1.85 0.95) (end 1.85 -0.95) (layer B.CrtYd) (width 0.05))
    (fp_line (start 1.85 -0.95) (end -1.85 -0.95) (layer B.CrtYd) (width 0.05))
    (fp_text user %R (at 0 0 180) (layer B.Fab)
      (effects (font (size 0.5 0.5) (thickness 0.08)) (justify mirror))
    )
    (pad 2 smd roundrect (at 1.025 0 180) (size 1.15 1.4) (layers Back B.Paste B.Mask) (roundrect_rratio 0.2173904347826087)
      (net 3 /DAT1))
    (pad 1 smd roundrect (at -1.025 0 180) (size 1.15 1.4) (layers Back B.Paste B.Mask) (roundrect_rratio 0.2173904347826087)
      (net 7 /KDAT1))
    (model ${KISYS3DMOD}/Resistor_SMD.3dshapes/R_0805_2012Metric.wrl
      (at (xyz 0 0 0))
      (scale (xyz 1 1 1))
      (rotate (xyz 0 0 0))
    )
  )

  (module Resistor_SMD:R_0805_2012Metric_Pad1.15x1.40mm_HandSolder (layer Back) (tedit 5B36C52B) (tstamp 5DE1A8EA)
    (at 33.528 37.592 180)
    (descr "Resistor SMD 0805 (2012 Metric), square (rectangular) end terminal, IPC_7351 nominal with elongated pad for handsoldering. (Body size source: https://docs.google.com/spreadsheets/d/1BsfQQcO9C6DZCsRaXUlFlo91Tg2WpOkGARC1WS5S8t0/edit?usp=sharing), generated with kicad-footprint-generator")
    (tags "resistor handsolder")
    (path /5DD6E928)
    (attr smd)
    (fp_text reference R3 (at -3.302 0 180) (layer B.SilkS)
      (effects (font (size 1.524 1.524) (thickness 0.3048)) (justify mirror))
    )
    (fp_text value DNP (at 0 -1.65 180) (layer B.Fab)
      (effects (font (size 1 1) (thickness 0.15)) (justify mirror))
    )
    (fp_line (start 1.85 -0.95) (end -1.85 -0.95) (layer B.CrtYd) (width 0.05))
    (fp_line (start 1.85 0.95) (end 1.85 -0.95) (layer B.CrtYd) (width 0.05))
    (fp_line (start -1.85 0.95) (end 1.85 0.95) (layer B.CrtYd) (width 0.05))
    (fp_line (start -1.85 -0.95) (end -1.85 0.95) (layer B.CrtYd) (width 0.05))
    (fp_line (start -0.261252 -0.71) (end 0.261252 -0.71) (layer B.SilkS) (width 0.12))
    (fp_line (start -0.261252 0.71) (end 0.261252 0.71) (layer B.SilkS) (width 0.12))
    (fp_line (start 1 -0.6) (end -1 -0.6) (layer B.Fab) (width 0.1))
    (fp_line (start 1 0.6) (end 1 -0.6) (layer B.Fab) (width 0.1))
    (fp_line (start -1 0.6) (end 1 0.6) (layer B.Fab) (width 0.1))
    (fp_line (start -1 -0.6) (end -1 0.6) (layer B.Fab) (width 0.1))
    (fp_text user %R (at 0 0 180) (layer B.Fab)
      (effects (font (size 0.5 0.5) (thickness 0.08)) (justify mirror))
    )
    (pad 1 smd roundrect (at -1.025 0 180) (size 1.15 1.4) (layers Back B.Paste B.Mask) (roundrect_rratio 0.2173904347826087)
      (net 9 /KCLK2))
    (pad 2 smd roundrect (at 1.025 0 180) (size 1.15 1.4) (layers Back B.Paste B.Mask) (roundrect_rratio 0.2173904347826087)
      (net 5 /CLK2))
    (model ${KISYS3DMOD}/Resistor_SMD.3dshapes/R_0805_2012Metric.wrl
      (at (xyz 0 0 0))
      (scale (xyz 1 1 1))
      (rotate (xyz 0 0 0))
    )
  )

  (module Resistor_SMD:R_0805_2012Metric_Pad1.15x1.40mm_HandSolder (layer Back) (tedit 5B36C52B) (tstamp 5DE1A8FB)
    (at 33.528 39.624 180)
    (descr "Resistor SMD 0805 (2012 Metric), square (rectangular) end terminal, IPC_7351 nominal with elongated pad for handsoldering. (Body size source: https://docs.google.com/spreadsheets/d/1BsfQQcO9C6DZCsRaXUlFlo91Tg2WpOkGARC1WS5S8t0/edit?usp=sharing), generated with kicad-footprint-generator")
    (tags "resistor handsolder")
    (path /5DD6E95C)
    (attr smd)
    (fp_text reference R4 (at -3.302 0 180) (layer B.SilkS)
      (effects (font (size 1.524 1.524) (thickness 0.3048)) (justify mirror))
    )
    (fp_text value DNP (at 0 -1.65 180) (layer B.Fab)
      (effects (font (size 1 1) (thickness 0.15)) (justify mirror))
    )
    (fp_line (start -1 -0.6) (end -1 0.6) (layer B.Fab) (width 0.1))
    (fp_line (start -1 0.6) (end 1 0.6) (layer B.Fab) (width 0.1))
    (fp_line (start 1 0.6) (end 1 -0.6) (layer B.Fab) (width 0.1))
    (fp_line (start 1 -0.6) (end -1 -0.6) (layer B.Fab) (width 0.1))
    (fp_line (start -0.261252 0.71) (end 0.261252 0.71) (layer B.SilkS) (width 0.12))
    (fp_line (start -0.261252 -0.71) (end 0.261252 -0.71) (layer B.SilkS) (width 0.12))
    (fp_line (start -1.85 -0.95) (end -1.85 0.95) (layer B.CrtYd) (width 0.05))
    (fp_line (start -1.85 0.95) (end 1.85 0.95) (layer B.CrtYd) (width 0.05))
    (fp_line (start 1.85 0.95) (end 1.85 -0.95) (layer B.CrtYd) (width 0.05))
    (fp_line (start 1.85 -0.95) (end -1.85 -0.95) (layer B.CrtYd) (width 0.05))
    (fp_text user %R (at 0 0 180) (layer B.Fab)
      (effects (font (size 0.5 0.5) (thickness 0.08)) (justify mirror))
    )
    (pad 2 smd roundrect (at 1.025 0 180) (size 1.15 1.4) (layers Back B.Paste B.Mask) (roundrect_rratio 0.2173904347826087)
      (net 6 /DAT2))
    (pad 1 smd roundrect (at -1.025 0 180) (size 1.15 1.4) (layers Back B.Paste B.Mask) (roundrect_rratio 0.2173904347826087)
      (net 10 /KDAT2))
    (model ${KISYS3DMOD}/Resistor_SMD.3dshapes/R_0805_2012Metric.wrl
      (at (xyz 0 0 0))
      (scale (xyz 1 1 1))
      (rotate (xyz 0 0 0))
    )
  )

  (module Capacitor_SMD:C_1210_3225Metric_Pad1.42x2.65mm_HandSolder (layer Front) (tedit 5B301BBE) (tstamp 5E0D2C60)
    (at 33.528 45.212)
    (descr "Capacitor SMD 1210 (3225 Metric), square (rectangular) end terminal, IPC_7351 nominal with elongated pad for handsoldering. (Body size source: http://www.tortai-tech.com/upload/download/2011102023233369053.pdf), generated with kicad-footprint-generator")
    (tags "capacitor handsolder")
    (path /57F0F90C)
    (attr smd)
    (fp_text reference C1 (at 0 -2.413) (layer F.SilkS)
      (effects (font (size 1.524 1.524) (thickness 0.3048)))
    )
    (fp_text value 10uF (at 0 2.28) (layer F.Fab)
      (effects (font (size 1 1) (thickness 0.15)))
    )
    (fp_line (start 2.45 1.58) (end -2.45 1.58) (layer F.CrtYd) (width 0.05))
    (fp_line (start 2.45 -1.58) (end 2.45 1.58) (layer F.CrtYd) (width 0.05))
    (fp_line (start -2.45 -1.58) (end 2.45 -1.58) (layer F.CrtYd) (width 0.05))
    (fp_line (start -2.45 1.58) (end -2.45 -1.58) (layer F.CrtYd) (width 0.05))
    (fp_line (start -0.602064 1.36) (end 0.602064 1.36) (layer F.SilkS) (width 0.12))
    (fp_line (start -0.602064 -1.36) (end 0.602064 -1.36) (layer F.SilkS) (width 0.12))
    (fp_line (start 1.6 1.25) (end -1.6 1.25) (layer F.Fab) (width 0.1))
    (fp_line (start 1.6 -1.25) (end 1.6 1.25) (layer F.Fab) (width 0.1))
    (fp_line (start -1.6 -1.25) (end 1.6 -1.25) (layer F.Fab) (width 0.1))
    (fp_line (start -1.6 1.25) (end -1.6 -1.25) (layer F.Fab) (width 0.1))
    (fp_text user %R (at 0 0) (layer F.Fab)
      (effects (font (size 0.8 0.8) (thickness 0.12)))
    )
    (pad 1 smd roundrect (at -1.4875 0) (size 1.425 2.65) (layers Front F.Paste F.Mask) (roundrect_rratio 0.1754385964912281)
      (net 11 +3V3))
    (pad 2 smd roundrect (at 1.4875 0) (size 1.425 2.65) (layers Front F.Paste F.Mask) (roundrect_rratio 0.1754385964912281)
      (net 1 GND))
    (model ${KISYS3DMOD}/Capacitor_SMD.3dshapes/C_1210_3225Metric.wrl
      (at (xyz 0 0 0))
      (scale (xyz 1 1 1))
      (rotate (xyz 0 0 0))
    )
  )

  (module Resistor_SMD:R_0805_2012Metric_Pad1.15x1.40mm_HandSolder (layer Front) (tedit 5B36C52B) (tstamp 5E206CE8)
    (at 40.64 25.908)
    (descr "Resistor SMD 0805 (2012 Metric), square (rectangular) end terminal, IPC_7351 nominal with elongated pad for handsoldering. (Body size source: https://docs.google.com/spreadsheets/d/1BsfQQcO9C6DZCsRaXUlFlo91Tg2WpOkGARC1WS5S8t0/edit?usp=sharing), generated with kicad-footprint-generator")
    (tags "resistor handsolder")
    (path /5E20A3CB)
    (attr smd)
    (fp_text reference R5 (at 0 -1.905) (layer F.SilkS)
      (effects (font (size 1.524 1.524) (thickness 0.3048)))
    )
    (fp_text value 10K (at 0 1.65) (layer F.Fab)
      (effects (font (size 1 1) (thickness 0.15)))
    )
    (fp_line (start 1.85 0.95) (end -1.85 0.95) (layer F.CrtYd) (width 0.05))
    (fp_line (start 1.85 -0.95) (end 1.85 0.95) (layer F.CrtYd) (width 0.05))
    (fp_line (start -1.85 -0.95) (end 1.85 -0.95) (layer F.CrtYd) (width 0.05))
    (fp_line (start -1.85 0.95) (end -1.85 -0.95) (layer F.CrtYd) (width 0.05))
    (fp_line (start -0.261252 0.71) (end 0.261252 0.71) (layer F.SilkS) (width 0.12))
    (fp_line (start -0.261252 -0.71) (end 0.261252 -0.71) (layer F.SilkS) (width 0.12))
    (fp_line (start 1 0.6) (end -1 0.6) (layer F.Fab) (width 0.1))
    (fp_line (start 1 -0.6) (end 1 0.6) (layer F.Fab) (width 0.1))
    (fp_line (start -1 -0.6) (end 1 -0.6) (layer F.Fab) (width 0.1))
    (fp_line (start -1 0.6) (end -1 -0.6) (layer F.Fab) (width 0.1))
    (fp_text user %R (at 0 0) (layer F.Fab)
      (effects (font (size 0.5 0.5) (thickness 0.08)))
    )
    (pad 1 smd roundrect (at -1.025 0) (size 1.15 1.4) (layers Front F.Paste F.Mask) (roundrect_rratio 0.2173904347826087)
      (net 20 /PWR1))
    (pad 2 smd roundrect (at 1.025 0) (size 1.15 1.4) (layers Front F.Paste F.Mask) (roundrect_rratio 0.2173904347826087)
      (net 8 /KCLK1))
    (model ${KISYS3DMOD}/Resistor_SMD.3dshapes/R_0805_2012Metric.wrl
      (at (xyz 0 0 0))
      (scale (xyz 1 1 1))
      (rotate (xyz 0 0 0))
    )
  )

  (module Resistor_SMD:R_0805_2012Metric_Pad1.15x1.40mm_HandSolder (layer Front) (tedit 5B36C52B) (tstamp 5E206CF9)
    (at 40.64 29.591)
    (descr "Resistor SMD 0805 (2012 Metric), square (rectangular) end terminal, IPC_7351 nominal with elongated pad for handsoldering. (Body size source: https://docs.google.com/spreadsheets/d/1BsfQQcO9C6DZCsRaXUlFlo91Tg2WpOkGARC1WS5S8t0/edit?usp=sharing), generated with kicad-footprint-generator")
    (tags "resistor handsolder")
    (path /5E20A397)
    (attr smd)
    (fp_text reference R6 (at 0 -1.651) (layer F.SilkS)
      (effects (font (size 1.524 1.524) (thickness 0.3048)))
    )
    (fp_text value 10K (at 0 1.65) (layer F.Fab)
      (effects (font (size 1 1) (thickness 0.15)))
    )
    (fp_line (start -1 0.6) (end -1 -0.6) (layer F.Fab) (width 0.1))
    (fp_line (start -1 -0.6) (end 1 -0.6) (layer F.Fab) (width 0.1))
    (fp_line (start 1 -0.6) (end 1 0.6) (layer F.Fab) (width 0.1))
    (fp_line (start 1 0.6) (end -1 0.6) (layer F.Fab) (width 0.1))
    (fp_line (start -0.261252 -0.71) (end 0.261252 -0.71) (layer F.SilkS) (width 0.12))
    (fp_line (start -0.261252 0.71) (end 0.261252 0.71) (layer F.SilkS) (width 0.12))
    (fp_line (start -1.85 0.95) (end -1.85 -0.95) (layer F.CrtYd) (width 0.05))
    (fp_line (start -1.85 -0.95) (end 1.85 -0.95) (layer F.CrtYd) (width 0.05))
    (fp_line (start 1.85 -0.95) (end 1.85 0.95) (layer F.CrtYd) (width 0.05))
    (fp_line (start 1.85 0.95) (end -1.85 0.95) (layer F.CrtYd) (width 0.05))
    (fp_text user %R (at 0 0) (layer F.Fab)
      (effects (font (size 0.5 0.5) (thickness 0.08)))
    )
    (pad 2 smd roundrect (at 1.025 0) (size 1.15 1.4) (layers Front F.Paste F.Mask) (roundrect_rratio 0.2173904347826087)
      (net 7 /KDAT1))
    (pad 1 smd roundrect (at -1.025 0) (size 1.15 1.4) (layers Front F.Paste F.Mask) (roundrect_rratio 0.2173904347826087)
      (net 20 /PWR1))
    (model ${KISYS3DMOD}/Resistor_SMD.3dshapes/R_0805_2012Metric.wrl
      (at (xyz 0 0 0))
      (scale (xyz 1 1 1))
      (rotate (xyz 0 0 0))
    )
  )

  (module Resistor_SMD:R_0805_2012Metric_Pad1.15x1.40mm_HandSolder (layer Front) (tedit 5B36C52B) (tstamp 5E206D0A)
    (at 41.157 41.656)
    (descr "Resistor SMD 0805 (2012 Metric), square (rectangular) end terminal, IPC_7351 nominal with elongated pad for handsoldering. (Body size source: https://docs.google.com/spreadsheets/d/1BsfQQcO9C6DZCsRaXUlFlo91Tg2WpOkGARC1WS5S8t0/edit?usp=sharing), generated with kicad-footprint-generator")
    (tags "resistor handsolder")
    (path /5E20A365)
    (attr smd)
    (fp_text reference R7 (at 0.118 -1.905) (layer F.SilkS)
      (effects (font (size 1.524 1.524) (thickness 0.3048)))
    )
    (fp_text value 10K (at 0 1.65) (layer F.Fab)
      (effects (font (size 1 1) (thickness 0.15)))
    )
    (fp_line (start 1.85 0.95) (end -1.85 0.95) (layer F.CrtYd) (width 0.05))
    (fp_line (start 1.85 -0.95) (end 1.85 0.95) (layer F.CrtYd) (width 0.05))
    (fp_line (start -1.85 -0.95) (end 1.85 -0.95) (layer F.CrtYd) (width 0.05))
    (fp_line (start -1.85 0.95) (end -1.85 -0.95) (layer F.CrtYd) (width 0.05))
    (fp_line (start -0.261252 0.71) (end 0.261252 0.71) (layer F.SilkS) (width 0.12))
    (fp_line (start -0.261252 -0.71) (end 0.261252 -0.71) (layer F.SilkS) (width 0.12))
    (fp_line (start 1 0.6) (end -1 0.6) (layer F.Fab) (width 0.1))
    (fp_line (start 1 -0.6) (end 1 0.6) (layer F.Fab) (width 0.1))
    (fp_line (start -1 -0.6) (end 1 -0.6) (layer F.Fab) (width 0.1))
    (fp_line (start -1 0.6) (end -1 -0.6) (layer F.Fab) (width 0.1))
    (fp_text user %R (at 0 0) (layer F.Fab)
      (effects (font (size 0.5 0.5) (thickness 0.08)))
    )
    (pad 1 smd roundrect (at -1.025 0) (size 1.15 1.4) (layers Front F.Paste F.Mask) (roundrect_rratio 0.2173904347826087)
      (net 20 /PWR1))
    (pad 2 smd roundrect (at 1.025 0) (size 1.15 1.4) (layers Front F.Paste F.Mask) (roundrect_rratio 0.2173904347826087)
      (net 9 /KCLK2))
    (model ${KISYS3DMOD}/Resistor_SMD.3dshapes/R_0805_2012Metric.wrl
      (at (xyz 0 0 0))
      (scale (xyz 1 1 1))
      (rotate (xyz 0 0 0))
    )
  )

  (module Resistor_SMD:R_0805_2012Metric_Pad1.15x1.40mm_HandSolder (layer Front) (tedit 5B36C52B) (tstamp 5E206D1B)
    (at 41.148 45.339)
    (descr "Resistor SMD 0805 (2012 Metric), square (rectangular) end terminal, IPC_7351 nominal with elongated pad for handsoldering. (Body size source: https://docs.google.com/spreadsheets/d/1BsfQQcO9C6DZCsRaXUlFlo91Tg2WpOkGARC1WS5S8t0/edit?usp=sharing), generated with kicad-footprint-generator")
    (tags "resistor handsolder")
    (path /5E20A2E5)
    (attr smd)
    (fp_text reference R8 (at 0 -1.65) (layer F.SilkS)
      (effects (font (size 1.524 1.524) (thickness 0.3048)))
    )
    (fp_text value 10K (at 0 1.65) (layer F.Fab)
      (effects (font (size 1 1) (thickness 0.15)))
    )
    (fp_line (start -1 0.6) (end -1 -0.6) (layer F.Fab) (width 0.1))
    (fp_line (start -1 -0.6) (end 1 -0.6) (layer F.Fab) (width 0.1))
    (fp_line (start 1 -0.6) (end 1 0.6) (layer F.Fab) (width 0.1))
    (fp_line (start 1 0.6) (end -1 0.6) (layer F.Fab) (width 0.1))
    (fp_line (start -0.261252 -0.71) (end 0.261252 -0.71) (layer F.SilkS) (width 0.12))
    (fp_line (start -0.261252 0.71) (end 0.261252 0.71) (layer F.SilkS) (width 0.12))
    (fp_line (start -1.85 0.95) (end -1.85 -0.95) (layer F.CrtYd) (width 0.05))
    (fp_line (start -1.85 -0.95) (end 1.85 -0.95) (layer F.CrtYd) (width 0.05))
    (fp_line (start 1.85 -0.95) (end 1.85 0.95) (layer F.CrtYd) (width 0.05))
    (fp_line (start 1.85 0.95) (end -1.85 0.95) (layer F.CrtYd) (width 0.05))
    (fp_text user %R (at 0 0) (layer F.Fab)
      (effects (font (size 0.5 0.5) (thickness 0.08)))
    )
    (pad 2 smd roundrect (at 1.025 0) (size 1.15 1.4) (layers Front F.Paste F.Mask) (roundrect_rratio 0.2173904347826087)
      (net 10 /KDAT2))
    (pad 1 smd roundrect (at -1.025 0) (size 1.15 1.4) (layers Front F.Paste F.Mask) (roundrect_rratio 0.2173904347826087)
      (net 20 /PWR1))
    (model ${KISYS3DMOD}/Resistor_SMD.3dshapes/R_0805_2012Metric.wrl
      (at (xyz 0 0 0))
      (scale (xyz 1 1 1))
      (rotate (xyz 0 0 0))
    )
  )

  (module Capacitor_SMD:C_0805_2012Metric_Pad1.15x1.40mm_HandSolder (layer Front) (tedit 5B36C52B) (tstamp 5E207DAB)
    (at 33.528 26.543)
    (descr "Capacitor SMD 0805 (2012 Metric), square (rectangular) end terminal, IPC_7351 nominal with elongated pad for handsoldering. (Body size source: https://docs.google.com/spreadsheets/d/1BsfQQcO9C6DZCsRaXUlFlo91Tg2WpOkGARC1WS5S8t0/edit?usp=sharing), generated with kicad-footprint-generator")
    (tags "capacitor handsolder")
    (path /5DD72516)
    (attr smd)
    (fp_text reference C2 (at 0 -1.778) (layer F.SilkS)
      (effects (font (size 1.524 1.524) (thickness 0.3048)))
    )
    (fp_text value 0.1uF (at 0 1.65) (layer F.Fab)
      (effects (font (size 1 1) (thickness 0.15)))
    )
    (fp_line (start 1.85 0.95) (end -1.85 0.95) (layer F.CrtYd) (width 0.05))
    (fp_line (start 1.85 -0.95) (end 1.85 0.95) (layer F.CrtYd) (width 0.05))
    (fp_line (start -1.85 -0.95) (end 1.85 -0.95) (layer F.CrtYd) (width 0.05))
    (fp_line (start -1.85 0.95) (end -1.85 -0.95) (layer F.CrtYd) (width 0.05))
    (fp_line (start -0.261252 0.71) (end 0.261252 0.71) (layer F.SilkS) (width 0.12))
    (fp_line (start -0.261252 -0.71) (end 0.261252 -0.71) (layer F.SilkS) (width 0.12))
    (fp_line (start 1 0.6) (end -1 0.6) (layer F.Fab) (width 0.1))
    (fp_line (start 1 -0.6) (end 1 0.6) (layer F.Fab) (width 0.1))
    (fp_line (start -1 -0.6) (end 1 -0.6) (layer F.Fab) (width 0.1))
    (fp_line (start -1 0.6) (end -1 -0.6) (layer F.Fab) (width 0.1))
    (fp_text user %R (at 0 0) (layer F.Fab)
      (effects (font (size 0.5 0.5) (thickness 0.08)))
    )
    (pad 1 smd roundrect (at -1.025 0) (size 1.15 1.4) (layers Front F.Paste F.Mask) (roundrect_rratio 0.2173904347826087)
      (net 2 VCC))
    (pad 2 smd roundrect (at 1.025 0) (size 1.15 1.4) (layers Front F.Paste F.Mask) (roundrect_rratio 0.2173904347826087)
      (net 1 GND))
    (model ${KISYS3DMOD}/Capacitor_SMD.3dshapes/C_0805_2012Metric.wrl
      (at (xyz 0 0 0))
      (scale (xyz 1 1 1))
      (rotate (xyz 0 0 0))
    )
  )

  (gr_line (start 25.908 23.114) (end 28.829 23.114) (layer B.SilkS) (width 3.048) (tstamp 5E0D1E11))
  (gr_line (start 25.908 19.812) (end 28.829 19.812) (layer B.SilkS) (width 3.048) (tstamp 5E0D1E07))
  (gr_line (start 14.097 19.812) (end 17.018 19.812) (layer B.SilkS) (width 3.048) (tstamp 5E0D1E01))
  (gr_line (start 14.097 23.241) (end 17.018 23.241) (layer B.SilkS) (width 3.048) (tstamp 5E0D1DC8))
  (gr_line (start 13.335 21.717) (end 17.907 21.717) (layer B.SilkS) (width 0.381) (tstamp 5E0D1DC6))
  (gr_line (start 13.335 21.209) (end 17.907 21.209) (layer B.SilkS) (width 0.381) (tstamp 5E0D1DC4))
  (gr_line (start 13.462 24.638) (end 18.034 24.638) (layer B.SilkS) (width 0.381) (tstamp 5E0D1DBF))
  (gr_line (start 13.335 18.288) (end 17.907 18.288) (layer B.SilkS) (width 0.381))
  (gr_text "HOST 3.3V [   ]  5V [   ]\nKBD  3.3V [   ]  5V [   ]" (at 28.067 21.336) (layer B.SilkS)
    (effects (font (size 2.032 1.524) (thickness 0.3048)) (justify mirror))
  )
  (gr_text "INSTALL U1 FOR 3.3V HOST\nINSTALL R1-R4 FOR 5V HOST\nR5-R8 PULL-UPS" (at 34.671 14.478) (layer F.SilkS) (tstamp 5DE1AD76)
    (effects (font (size 1.397 1.27) (thickness 0.3175)))
  )
  (gr_text "land-boards.com/\nPS2X49" (at 35.306 54.864) (layer F.SilkS) (tstamp 5DD41EBD)
    (effects (font (size 1.5875 1.524) (thickness 0.3048)))
  )
  (gr_text "PWR\n3.3V\nCLK2\nDAT2\nGND" (at 17.526 35.56) (layer F.SilkS) (tstamp 5DD41EB6)
    (effects (font (size 1.5875 1.524) (thickness 0.3048)) (justify right))
  )
  (gr_text "PWR\n3.3V\nCLK1\nDAT1\nGND" (at 23.368 35.56) (layer F.SilkS)
    (effects (font (size 1.5875 1.524) (thickness 0.3048)) (justify left))
  )
  (gr_text "Rev 3" (at 34.671 56.007) (layer B.SilkS)
    (effects (font (size 2.032 1.524) (thickness 0.3048)) (justify mirror))
  )
  (dimension 49 (width 0.3048) (layer Dwgs.User)
    (gr_text "49.000 mm" (at 0.3744 34.5 90) (layer Dwgs.User)
