(kicad_pcb (version 20171130) (host pcbnew "(5.1.5)-3")

  (general
    (thickness 1.6)
    (drawings 5)
    (tracks 170)
    (zones 0)
    (modules 57)
    (nets 29)
  )

  (page A4)
  (layers
    (0 F.Cu signal)
    (31 B.Cu signal)
    (32 B.Adhes user)
    (33 F.Adhes user)
    (34 B.Paste user)
    (35 F.Paste user)
    (36 B.SilkS user)
    (37 F.SilkS user)
    (38 B.Mask user)
    (39 F.Mask user)
    (40 Dwgs.User user)
    (41 Cmts.User user)
    (42 Eco1.User user)
    (43 Eco2.User user)
    (44 Edge.Cuts user)
    (45 Margin user)
    (46 B.CrtYd user)
    (47 F.CrtYd user)
    (48 B.Fab user)
    (49 F.Fab user)
  )

  (setup
    (last_trace_width 1)
    (user_trace_width 0.5)
    (user_trace_width 1)
    (user_trace_width 2)
    (trace_clearance 0.2)
    (zone_clearance 0.508)
    (zone_45_only no)
    (trace_min 0.2)
    (via_size 0.8)
    (via_drill 0.4)
    (via_min_size 0.4)
    (via_min_drill 0.3)
    (user_via 1.2 0.7)
    (uvia_size 0.3)
    (uvia_drill 0.1)
    (uvias_allowed no)
    (uvia_min_size 0.2)
    (uvia_min_drill 0.1)
    (edge_width 0.05)
    (segment_width 0.2)
    (pcb_text_width 0.3)
    (pcb_text_size 1.5 1.5)
    (mod_edge_width 0.12)
    (mod_text_size 1 1)
    (mod_text_width 0.15)
    (pad_size 1.778 1.778)
    (pad_drill 0.8)
    (pad_to_mask_clearance 0.051)
    (solder_mask_min_width 0.25)
    (aux_axis_origin 0 0)
    (visible_elements 7FFFFFFF)
    (pcbplotparams
      (layerselection 0x010fc_ffffffff)
      (usegerberextensions true)
      (usegerberattributes false)
      (usegerberadvancedattributes false)
      (creategerberjobfile false)
      (excludeedgelayer true)
      (linewidth 0.100000)
      (plotframeref false)
      (viasonmask false)
      (mode 1)
      (useauxorigin false)
      (hpglpennumber 1)
      (hpglpenspeed 20)
      (hpglpendiameter 15.000000)
      (psnegative false)
      (psa4output false)
      (plotreference true)
      (plotvalue false)
      (plotinvisibletext false)
      (padsonsilk false)
      (subtractmaskfromsilk true)
      (outputformat 1)
      (mirror false)
      (drillshape 0)
      (scaleselection 1)
      (outputdirectory "C:/Users/Caliphax/Documents/kicad/IRF510-Amplifier-v2/gerber/"))
  )

  (net 0 "")
  (net 1 GND)
  (net 2 "Net-(C3-Pad1)")
  (net 3 "Net-(C5-Pad1)")
  (net 4 +12V)
  (net 5 "Net-(C7-Pad1)")
  (net 6 "Net-(C9-Pad2)")
  (net 7 "Net-(C9-Pad1)")
  (net 8 +5V)
  (net 9 "Net-(C57-Pad1)")
  (net 10 "Net-(C1-Pad2)")
  (net 11 "Net-(C1-Pad1)")
  (net 12 "Net-(C2-Pad2)")
  (net 13 "Net-(C2-Pad1)")
  (net 14 "Net-(D1-Pad2)")
  (net 15 "Net-(C6-Pad1)")
  (net 16 "Net-(Q3-Pad3)")
  (net 17 "Net-(Q5-Pad1)")
  (net 18 "Net-(J4-PadRING)")
  (net 19 12V-On)
  (net 20 "Net-(R9-Pad1)")
  (net 21 "Net-(C12-Pad2)")
  (net 22 "Net-(C12-Pad1)")
  (net 23 "Net-(C13-Pad2)")
  (net 24 "Net-(C13-Pad1)")
  (net 25 "Net-(C15-Pad2)")
  (net 26 "Net-(C15-Pad1)")
  (net 27 "Net-(Q1-Pad3)")
  (net 28 "Net-(Q2-Pad2)")

  (net_class Default "This is the default net class."
    (clearance 0.2)
    (trace_width 0.25)
    (via_dia 0.8)
    (via_drill 0.4)
    (uvia_dia 0.3)
    (uvia_drill 0.1)
    (add_net +12V)
    (add_net +5V)
    (add_net 12V-On)
    (add_net GND)
    (add_net "Net-(C1-Pad1)")
    (add_net "Net-(C1-Pad2)")
    (add_net "Net-(C12-Pad1)")
    (add_net "Net-(C12-Pad2)")
    (add_net "Net-(C13-Pad1)")
    (add_net "Net-(C13-Pad2)")
    (add_net "Net-(C15-Pad1)")
    (add_net "Net-(C15-Pad2)")
    (add_net "Net-(C2-Pad1)")
    (add_net "Net-(C2-Pad2)")
    (add_net "Net-(C3-Pad1)")
    (add_net "Net-(C5-Pad1)")
    (add_net "Net-(C57-Pad1)")
    (add_net "Net-(C6-Pad1)")
    (add_net "Net-(C7-Pad1)")
    (add_net "Net-(C9-Pad1)")
    (add_net "Net-(C9-Pad2)")
    (add_net "Net-(D1-Pad2)")
    (add_net "Net-(J4-PadRING)")
    (add_net "Net-(Q1-Pad3)")
    (add_net "Net-(Q2-Pad2)")
    (add_net "Net-(Q3-Pad3)")
    (add_net "Net-(Q5-Pad1)")
    (add_net "Net-(R9-Pad1)")
    (add_net "Net-(RV1-Pad1)")
  )

  (module MountingHole:MountingHole_3.5mm (layer F.Cu) (tedit 56D1B4CB) (tstamp 60FDBD6E)
    (at 197.5 96.9)
    (descr "Mounting Hole 3.5mm, no annular")
    (tags "mounting hole 3.5mm no annular")
    (attr virtual)
    (fp_text reference " " (at 0 -4.5) (layer F.SilkS)
      (effects (font (size 1 1) (thickness 0.15)))
    )
    (fp_text value " " (at 0 4.5) (layer F.Fab)
      (effects (font (size 1 1) (thickness 0.15)))
    )
    (fp_text user %R (at 0.3 0) (layer F.Fab)
      (effects (font (size 1 1) (thickness 0.15)))
    )
    (fp_circle (center 0 0) (end 3.5 0) (layer Cmts.User) (width 0.15))
    (fp_circle (center 0 0) (end 3.75 0) (layer F.CrtYd) (width 0.05))
    (pad 1 np_thru_hole circle (at 0 0) (size 3.5 3.5) (drill 3.5) (layers *.Cu *.Mask))
  )

  (module MountingHole:MountingHole_3.5mm (layer F.Cu) (tedit 56D1B4CB) (tstamp 60FDBD60)
    (at 197.3 24.4)
    (descr "Mounting Hole 3.5mm, no annular")
    (tags "mounting hole 3.5mm no annular")
    (attr virtual)
    (fp_text reference " " (at 0 -4.5) (layer F.SilkS)
      (effects (font (size 1 1) (thickness 0.15)))
    )
    (fp_text value " " (at 0 4.5) (layer F.Fab)
      (effects (font (size 1 1) (thickness 0.15)))
    )
    (fp_circle (center 0 0) (end 3.75 0) (layer F.CrtYd) (width 0.05))
    (fp_circle (center 0 0) (end 3.5 0) (layer Cmts.User) (width 0.15))
    (fp_text user %R (at 0.3 0) (layer F.Fab)
      (effects (font (size 1 1) (thickness 0.15)))
    )
    (pad 1 np_thru_hole circle (at 0 0) (size 3.5 3.5) (drill 3.5) (layers *.Cu *.Mask))
  )

  (module MountingHole:MountingHole_3.5mm (layer F.Cu) (tedit 56D1B4CB) (tstamp 60FDBD52)
    (at 80.2 96.8)
    (descr "Mounting Hole 3.5mm, no annular")
    (tags "mounting hole 3.5mm no annular")
    (attr virtual)
    (fp_text reference " " (at 0 -4.5) (layer F.SilkS)
      (effects (font (size 1 1) (thickness 0.15)))
    )
    (fp_text value " " (at 0 4.5) (layer F.Fab)
      (effects (font (size 1 1) (thickness 0.15)))
    )
    (fp_text user %R (at 0.3 0) (layer F.Fab)
      (effects (font (size 1 1) (thickness 0.15)))
    )
    (fp_circle (center 0 0) (end 3.5 0) (layer Cmts.User) (width 0.15))
    (fp_circle (center 0 0) (end 3.75 0) (layer F.CrtYd) (width 0.05))
    (pad 1 np_thru_hole circle (at 0 0) (size 3.5 3.5) (drill 3.5) (layers *.Cu *.Mask))
  )

  (module MountingHole:MountingHole_3.5mm (layer F.Cu) (tedit 56D1B4CB) (tstamp 60FDBD33)
    (at 80.1 24.3)
    (descr "Mounting Hole 3.5mm, no annular")
    (tags "mounting hole 3.5mm no annular")
    (attr virtual)
    (fp_text reference " " (at 0 -4.5) (layer F.SilkS)
      (effects (font (size 1 1) (thickness 0.15)))
    )
    (fp_text value " " (at 0 4.5) (layer F.Fab)
      (effects (font (size 1 1) (thickness 0.15)))
    )
    (fp_circle (center 0 0) (end 3.75 0) (layer F.CrtYd) (width 0.05))
    (fp_circle (center 0 0) (end 3.5 0) (layer Cmts.User) (width 0.15))
    (fp_text user %R (at 0.3 0) (layer F.Fab)
      (effects (font (size 1 1) (thickness 0.15)))
    )
    (pad 1 np_thru_hole circle (at 0 0) (size 3.5 3.5) (drill 3.5) (layers *.Cu *.Mask))
  )

  (module "Xenir:Capacitor 0805" (layer F.Cu) (tedit 5EAD6262) (tstamp 60FB9790)
    (at 111.9625 51.16)
    (path /610A24B9)
    (fp_text reference C17 (at 0.5 1) (layer F.SilkS)
      (effects (font (size 0.5 0.5) (thickness 0.125)))
    )
    (fp_text value .1uF (at 0.5 4) (layer F.Fab)
      (effects (font (size 0.5 0.5) (thickness 0.125)))
    )
    (fp_text user %R (at 0 2.54) (layer F.Fab)
      (effects (font (size 0.5 0.5) (thickness 0.08)))
    )
    (fp_line (start -1 3.14) (end -1 1.94) (layer F.Fab) (width 0.1))
    (fp_line (start -1.68 1.59) (end 1.68 1.59) (layer F.CrtYd) (width 0.05))
    (fp_line (start 1.68 1.59) (end 1.68 3.49) (layer F.CrtYd) (width 0.05))
    (fp_line (start -1.68 3.49) (end -1.68 1.59) (layer F.CrtYd) (width 0.05))
    (fp_line (start 1 1.94) (end 1 3.14) (layer F.Fab) (width 0.1))
    (fp_line (start -0.258578 3.25) (end 0.258578 3.25) (layer F.SilkS) (width 0.12))
    (fp_line (start -1 1.94) (end 1 1.94) (layer F.Fab) (width 0.1))
    (fp_line (start 1 3.14) (end -1 3.14) (layer F.Fab) (width 0.1))
    (fp_line (start -0.258578 1.83) (end 0.258578 1.83) (layer F.SilkS) (width 0.12))
    (fp_line (start 1.68 3.49) (end -1.68 3.49) (layer F.CrtYd) (width 0.05))
    (pad 2 smd roundrect (at 0.9375 2.54) (size 0.975 1.4) (layers F.Cu F.Paste F.Mask) (roundrect_rratio 0.25)
      (net 1 GND))
    (pad 1 smd roundrect (at -0.9375 2.54) (size 0.975 1.4) (layers F.Cu F.Paste F.Mask) (roundrect_rratio 0.25)
      (net 19 12V-On))
  )

  (module Xenir:Cap_4x5.4 (layer F.Cu) (tedit 5EB6E02E) (tstamp 60FB977F)
    (at 95.4 54 180)
    (path /610A03F4)
    (fp_text reference C16 (at 0.5 4) (layer F.SilkS)
      (effects (font (size 0.7 0.7) (thickness 0.15)))
    )
    (fp_text value 22uF (at 0 -3) (layer F.Fab)
      (effects (font (size 0.7 0.7) (thickness 0.15)))
    )
    (fp_text user %R (at 0 0.5) (layer F.Fab)
      (effects (font (size 0.8 0.8) (thickness 0.12)))
    )
    (fp_line (start 2.15 -1.65) (end 2.15 2.65) (layer F.Fab) (width 0.1))
    (fp_line (start 2.4 1.55) (end 2.4 2.9) (layer F.CrtYd) (width 0.05))
    (fp_line (start -2.75 -1.31) (end -2.75 -0.81) (layer F.SilkS) (width 0.12))
    (fp_line (start -1.374773 -0.7) (end -1.374773 -0.3) (layer F.Fab) (width 0.1))
    (fp_line (start -2.26 -0.695563) (end -2.26 -0.56) (layer F.SilkS) (width 0.12))
    (fp_line (start 2.4 -1.9) (end 2.4 -0.55) (layer F.CrtYd) (width 0.05))
    (fp_line (start 2.26 2.76) (end 2.26 1.56) (layer F.SilkS) (width 0.12))
    (fp_line (start 2.4 -0.55) (end 3.35 -0.55) (layer F.CrtYd) (width 0.05))
    (fp_line (start -2.26 1.695563) (end -2.26 1.56) (layer F.SilkS) (width 0.12))
    (fp_line (start 3.35 1.55) (end 2.4 1.55) (layer F.CrtYd) (width 0.05))
    (fp_line (start 2.26 -1.76) (end 2.26 -0.56) (layer F.SilkS) (width 0.12))
    (fp_line (start -1.25 -1.9) (end 2.4 -1.9) (layer F.CrtYd) (width 0.05))
    (fp_line (start -2.4 -0.55) (end -3.35 -0.55) (layer F.CrtYd) (width 0.05))
    (fp_line (start -2.15 -0.65) (end -2.15 1.65) (layer F.Fab) (width 0.1))
    (fp_line (start -1.25 2.9) (end 2.4 2.9) (layer F.CrtYd) (width 0.05))
    (fp_line (start -2.4 1.55) (end -2.4 1.75) (layer F.CrtYd) (width 0.05))
    (fp_line (start -1.195563 2.76) (end 2.26 2.76) (layer F.SilkS) (width 0.12))
    (fp_line (start -2.4 -0.75) (end -1.25 -1.9) (layer F.CrtYd) (width 0.05))
    (fp_line (start -1.15 2.65) (end 2.15 2.65) (layer F.Fab) (width 0.1))
    (fp_line (start -3.35 1.55) (end -2.4 1.55) (layer F.CrtYd) (width 0.05))
    (fp_circle (center 0 0.5) (end 2 0.5) (layer F.Fab) (width 0.1))
    (fp_line (start -2.15 1.65) (end -1.15 2.65) (layer F.Fab) (width 0.1))
    (fp_line (start 3.35 -0.55) (end 3.35 1.55) (layer F.CrtYd) (width 0.05))
    (fp_line (start -1.574773 -0.5) (end -1.174773 -0.5) (layer F.Fab) (width 0.1))
    (fp_line (start -2.15 -0.65) (end -1.15 -1.65) (layer F.Fab) (width 0.1))
    (fp_line (start -2.26 -0.695563) (end -1.195563 -1.76) (layer F.SilkS) (width 0.12))
    (fp_line (start -1.15 -1.65) (end 2.15 -1.65) (layer F.Fab) (width 0.1))
    (fp_line (start -2.4 -0.75) (end -2.4 -0.55) (layer F.CrtYd) (width 0.05))
    (fp_line (start -2.4 1.75) (end -1.25 2.9) (layer F.CrtYd) (width 0.05))
    (fp_line (start -1.195563 -1.76) (end 2.26 -1.76) (layer F.SilkS) (width 0.12))
    (fp_line (start -3.35 -0.55) (end -3.35 1.55) (layer F.CrtYd) (width 0.05))
    (fp_line (start -3 -1.06) (end -2.5 -1.06) (layer F.SilkS) (width 0.12))
    (fp_line (start -2.26 1.695563) (end -1.195563 2.76) (layer F.SilkS) (width 0.12))
    (pad 2 smd roundrect (at 1.8 0.5 180) (size 2.6 1.6) (layers F.Cu F.Paste F.Mask) (roundrect_rratio 0.15625)
      (net 1 GND))
    (pad 1 smd roundrect (at -1.8 0.5 180) (size 2.6 1.6) (layers F.Cu F.Paste F.Mask) (roundrect_rratio 0.15625)
      (net 19 12V-On))
  )

  (module "Xenir:Resistor 0805" (layer F.Cu) (tedit 5EAD64C3) (tstamp 60F1B018)
    (at 91.8 65 270)
    (path /610A75E4)
    (fp_text reference R7 (at 0 4 90) (layer F.SilkS)
      (effects (font (size 0.5 0.5) (thickness 0.125)))
    )
    (fp_text value 10k (at 0 1 90) (layer F.Fab)
      (effects (font (size 0.5 0.5) (thickness 0.125)))
    )
    (fp_line (start 1 3.14) (end -1 3.14) (layer F.Fab) (width 0.1))
    (fp_line (start -1 1.94) (end 1 1.94) (layer F.Fab) (width 0.1))
    (fp_line (start -0.258578 1.83) (end 0.258578 1.83) (layer F.SilkS) (width 0.12))
    (fp_line (start -1.68 1.59) (end 1.68 1.59) (layer F.CrtYd) (width 0.05))
    (fp_line (start -1 3.14) (end -1 1.94) (layer F.Fab) (width 0.1))
    (fp_line (start -1.68 3.49) (end -1.68 1.59) (layer F.CrtYd) (width 0.05))
    (fp_line (start 1 1.94) (end 1 3.14) (layer F.Fab) (width 0.1))
    (fp_line (start 1.68 1.59) (end 1.68 3.49) (layer F.CrtYd) (width 0.05))
    (fp_line (start 1.68 3.49) (end -1.68 3.49) (layer F.CrtYd) (width 0.05))
    (fp_line (start -0.258578 3.25) (end 0.258578 3.25) (layer F.SilkS) (width 0.12))
    (fp_text user %R (at 0 2.54 90) (layer F.Fab)
      (effects (font (size 0.5 0.5) (thickness 0.08)))
    )
    (pad 2 smd roundrect (at 0.9375 2.54 270) (size 0.975 1.4) (layers F.Cu F.Paste F.Mask) (roundrect_rratio 0.25)
      (net 16 "Net-(Q3-Pad3)"))
    (pad 1 smd roundrect (at -0.9375 2.54 270) (size 0.975 1.4) (layers F.Cu F.Paste F.Mask) (roundrect_rratio 0.25)
      (net 17 "Net-(Q5-Pad1)"))
  )

  (module "Xenir:T37 Transformer" (layer F.Cu) (tedit 60FC359B) (tstamp 60FB66F4)
    (at 105.89 45.37)
    (path /610101BF)
    (fp_text reference T2 (at 0.3 1.1) (layer F.SilkS)
      (effects (font (size 0.7 0.7) (thickness 0.15)))
    )
    (fp_text value "T37-43 25T:8T" (at 0 -0.1) (layer F.Fab)
      (effects (font (size 0.7 0.7) (thickness 0.15)))
    )
    (fp_arc (start 2.54 6.6825) (end 2.54 6.365) (angle 180) (layer F.SilkS) (width 0.127))
    (fp_line (start 2.54 2.555) (end 2.54 1.92) (layer F.SilkS) (width 0.127))
    (fp_arc (start -2.54 6.0475) (end -2.54 6.365) (angle 180) (layer F.SilkS) (width 0.127))
    (fp_arc (start 2.54 3.5075) (end 2.54 3.19) (angle 180) (layer F.SilkS) (width 0.127))
    (fp_arc (start 2.54 9.2225) (end 2.54 8.905) (angle 180) (layer F.SilkS) (width 0.127))
    (fp_line (start -2.54 4.46) (end -2.54 5.73) (layer F.SilkS) (width 0.127))
    (fp_line (start -2.54 8.905) (end -2.54 10.175) (layer F.SilkS) (width 0.127))
    (fp_line (start -2.54 12.08) (end 2.54 12.08) (layer F.SilkS) (width 0.127))
    (fp_arc (start 2.54 11.1275) (end 2.54 10.81) (angle 180) (layer F.SilkS) (width 0.127))
    (fp_arc (start -2.54 11.7625) (end -2.54 12.08) (angle 180) (layer F.SilkS) (width 0.127))
    (fp_line (start 2.54 6.365) (end 2.54 5.095) (layer F.SilkS) (width 0.127))
    (fp_arc (start -2.54 2.2375) (end -2.54 2.555) (angle 180) (layer F.SilkS) (width 0.127))
    (fp_line (start -2.54 1.92) (end 2.54 2.555) (layer F.SilkS) (width 0.127))
    (fp_line (start -2.54 6.365) (end -2.54 8.27) (layer F.SilkS) (width 0.127))
    (fp_arc (start -2.54 2.8725) (end -2.54 3.19) (angle 180) (layer F.SilkS) (width 0.127))
    (fp_line (start 2.54 12.08) (end 2.54 11.445) (layer F.SilkS) (width 0.127))
    (fp_line (start 2.54 4.46) (end 2.54 3.825) (layer F.SilkS) (width 0.127))
    (fp_arc (start 2.54 2.8725) (end 2.54 2.555) (angle 180) (layer F.SilkS) (width 0.127))
    (fp_line (start 2.54 1.92) (end -2.54 1.92) (layer F.SilkS) (width 0.127))
    (fp_line (start -2.54 3.19) (end -2.54 3.825) (layer F.SilkS) (width 0.127))
    (fp_line (start -2.54 10.81) (end -2.54 11.445) (layer F.SilkS) (width 0.127))
    (fp_line (start 2.54 10.81) (end 2.54 9.54) (layer F.SilkS) (width 0.127))
    (fp_line (start 2.54 8.905) (end 2.54 7) (layer F.SilkS) (width 0.127))
    (fp_arc (start -2.54 4.1425) (end -2.54 4.46) (angle 180) (layer F.SilkS) (width 0.127))
    (fp_arc (start -2.54 8.5875) (end -2.54 8.905) (angle 180) (layer F.SilkS) (width 0.127))
    (fp_arc (start -2.54 10.4925) (end -2.54 10.81) (angle 180) (layer F.SilkS) (width 0.127))
    (fp_arc (start 2.54 4.7775) (end 2.54 4.46) (angle 180) (layer F.SilkS) (width 0.127))
    (fp_line (start -2.54 8.905) (end 2.54 9.54) (layer F.SilkS) (width 0.127))
    (fp_circle (center 4.9213 4.6188) (end 5.1457 4.6188) (layer F.Fab) (width 0.4064))
    (fp_line (start -2.54 3.19) (end 2.54 3.825) (layer F.SilkS) (width 0.127))
    (fp_line (start -2.54 11.445) (end 2.54 12.08) (layer F.SilkS) (width 0.127))
    (fp_line (start -2.54 5.73) (end 2.54 6.365) (layer F.SilkS) (width 0.127))
    (fp_line (start -2.54 6.365) (end 2.54 7) (layer F.SilkS) (width 0.127))
    (fp_line (start -2.54 2.555) (end 2.54 3.19) (layer F.SilkS) (width 0.127))
    (fp_line (start -2.54 8.27) (end 2.54 8.905) (layer F.SilkS) (width 0.127))
    (fp_line (start -2.54 10.175) (end 2.54 10.81) (layer F.SilkS) (width 0.127))
    (fp_line (start -2.54 4.46) (end 2.54 5.095) (layer F.SilkS) (width 0.127))
    (fp_line (start -2.54 10.81) (end 2.54 11.445) (layer F.SilkS) (width 0.127))
    (fp_line (start -2.54 3.825) (end 2.54 4.46) (layer F.SilkS) (width 0.127))
    (fp_circle (center 4.7625 1.92) (end 4.9869 1.92) (layer F.Fab) (width 0.4064))
    (pad C1B thru_hole circle (at 3.81 5.73) (size 1.778 1.778) (drill 0.8) (layers *.Cu *.Mask)
      (net 19 12V-On) (solder_mask_margin 0.1016))
    (pad C1A thru_hole circle (at -3.81 10.81) (size 1.778 1.778) (drill 0.8) (layers *.Cu *.Mask)
      (net 27 "Net-(Q1-Pad3)") (solder_mask_margin 0.1016))
    (pad C2B thru_hole circle (at 3.81 3.19) (size 1.778 1.778) (drill 0.8) (layers *.Cu *.Mask)
      (net 24 "Net-(C13-Pad1)") (solder_mask_margin 0.1016))
    (pad C2A thru_hole circle (at -3.81 8.27) (size 1.778 1.778) (drill 0.8) (layers *.Cu *.Mask)
      (net 1 GND) (solder_mask_margin 0.1016))
  )

  (module "Xenir:Resistor 0805" (layer F.Cu) (tedit 5EAD64C3) (tstamp 60FB657A)
    (at 126.2625 77.24 180)
    (path /61024B03)
    (fp_text reference R12 (at 0 4) (layer F.SilkS)
      (effects (font (size 0.5 0.5) (thickness 0.125)))
    )
    (fp_text value 18 (at 0 1) (layer F.Fab)
      (effects (font (size 0.5 0.5) (thickness 0.125)))
    )
    (fp_text user %R (at 0 2.54) (layer F.Fab)
      (effects (font (size 0.5 0.5) (thickness 0.08)))
    )
    (fp_line (start 1 3.14) (end -1 3.14) (layer F.Fab) (width 0.1))
    (fp_line (start -1 1.94) (end 1 1.94) (layer F.Fab) (width 0.1))
    (fp_line (start -0.258578 1.83) (end 0.258578 1.83) (layer F.SilkS) (width 0.12))
    (fp_line (start -1.68 1.59) (end 1.68 1.59) (layer F.CrtYd) (width 0.05))
    (fp_line (start -1 3.14) (end -1 1.94) (layer F.Fab) (width 0.1))
    (fp_line (start -1.68 3.49) (end -1.68 1.59) (layer F.CrtYd) (width 0.05))
    (fp_line (start 1 1.94) (end 1 3.14) (layer F.Fab) (width 0.1))
    (fp_line (start 1.68 1.59) (end 1.68 3.49) (layer F.CrtYd) (width 0.05))
    (fp_line (start 1.68 3.49) (end -1.68 3.49) (layer F.CrtYd) (width 0.05))
    (fp_line (start -0.258578 3.25) (end 0.258578 3.25) (layer F.SilkS) (width 0.12))
    (pad 2 smd roundrect (at 0.9375 2.54 180) (size 0.975 1.4) (layers F.Cu F.Paste F.Mask) (roundrect_rratio 0.25)
      (net 1 GND))
    (pad 1 smd roundrect (at -0.9375 2.54 180) (size 0.975 1.4) (layers F.Cu F.Paste F.Mask) (roundrect_rratio 0.25)
      (net 25 "Net-(C15-Pad2)"))
  )

  (module "Xenir:Resistor 0805" (layer F.Cu) (tedit 5EAD64C3) (tstamp 60FB6569)
    (at 130.5625 80.04 180)
    (path /61024AF7)
    (fp_text reference R11 (at 0 4) (layer F.SilkS)
      (effects (font (size 0.5 0.5) (thickness 0.125)))
    )
    (fp_text value 18 (at 0 1) (layer F.Fab)
      (effects (font (size 0.5 0.5) (thickness 0.125)))
    )
    (fp_text user %R (at 0 2.54) (layer F.Fab)
      (effects (font (size 0.5 0.5) (thickness 0.08)))
    )
    (fp_line (start 1 3.14) (end -1 3.14) (layer F.Fab) (width 0.1))
    (fp_line (start -1 1.94) (end 1 1.94) (layer F.Fab) (width 0.1))
    (fp_line (start -0.258578 1.83) (end 0.258578 1.83) (layer F.SilkS) (width 0.12))
    (fp_line (start -1.68 1.59) (end 1.68 1.59) (layer F.CrtYd) (width 0.05))
    (fp_line (start -1 3.14) (end -1 1.94) (layer F.Fab) (width 0.1))
    (fp_line (start -1.68 3.49) (end -1.68 1.59) (layer F.CrtYd) (width 0.05))
    (fp_line (start 1 1.94) (end 1 3.14) (layer F.Fab) (width 0.1))
    (fp_line (start 1.68 1.59) (end 1.68 3.49) (layer F.CrtYd) (width 0.05))
    (fp_line (start 1.68 3.49) (end -1.68 3.49) (layer F.CrtYd) (width 0.05))
    (fp_line (start -0.258578 3.25) (end 0.258578 3.25) (layer F.SilkS) (width 0.12))
    (pad 2 smd roundrect (at 0.9375 2.54 180) (size 0.975 1.4) (layers F.Cu F.Paste F.Mask) (roundrect_rratio 0.25)
      (net 1 GND))
    (pad 1 smd roundrect (at -0.9375 2.54 180) (size 0.975 1.4) (layers F.Cu F.Paste F.Mask) (roundrect_rratio 0.25)
      (net 26 "Net-(C15-Pad1)"))
  )

  (module "Xenir:Resistor 0805" (layer F.Cu) (tedit 5EAD64C3) (tstamp 60FB6558)
    (at 107.6625 77.54 180)
    (path /60FCC1D8)
    (fp_text reference R10 (at 0 4) (layer F.SilkS)
      (effects (font (size 0.5 0.5) (thickness 0.125)))
    )
    (fp_text value 62 (at 0 1) (layer F.Fab)
      (effects (font (size 0.5 0.5) (thickness 0.125)))
    )
    (fp_text user %R (at 0 2.54) (layer F.Fab)
      (effects (font (size 0.5 0.5) (thickness 0.08)))
    )
    (fp_line (start 1 3.14) (end -1 3.14) (layer F.Fab) (width 0.1))
    (fp_line (start -1 1.94) (end 1 1.94) (layer F.Fab) (width 0.1))
    (fp_line (start -0.258578 1.83) (end 0.258578 1.83) (layer F.SilkS) (width 0.12))
    (fp_line (start -1.68 1.59) (end 1.68 1.59) (layer F.CrtYd) (width 0.05))
    (fp_line (start -1 3.14) (end -1 1.94) (layer F.Fab) (width 0.1))
    (fp_line (start -1.68 3.49) (end -1.68 1.59) (layer F.CrtYd) (width 0.05))
    (fp_line (start 1 1.94) (end 1 3.14) (layer F.Fab) (width 0.1))
    (fp_line (start 1.68 1.59) (end 1.68 3.49) (layer F.CrtYd) (width 0.05))
    (fp_line (start 1.68 3.49) (end -1.68 3.49) (layer F.CrtYd) (width 0.05))
    (fp_line (start -0.258578 3.25) (end 0.258578 3.25) (layer F.SilkS) (width 0.12))
    (pad 2 smd roundrect (at 0.9375 2.54 180) (size 0.975 1.4) (layers F.Cu F.Paste F.Mask) (roundrect_rratio 0.25)
      (net 1 GND))
    (pad 1 smd roundrect (at -0.9375 2.54 180) (size 0.975 1.4) (layers F.Cu F.Paste F.Mask) (roundrect_rratio 0.25)
      (net 21 "Net-(C12-Pad2)"))
  )

  (module "Xenir:Capacitor 0805" (layer F.Cu) (tedit 5EAD6262) (tstamp 60FB608B)
    (at 130.5625 77.24 180)
    (path /61024B09)
    (fp_text reference C15 (at 0.5 1) (layer F.SilkS)
      (effects (font (size 0.5 0.5) (thickness 0.125)))
    )
    (fp_text value .1uF (at 0.5 4) (layer F.Fab)
      (effects (font (size 0.5 0.5) (thickness 0.125)))
    )
    (fp_text user %R (at 0 2.54) (layer F.Fab)
      (effects (font (size 0.5 0.5) (thickness 0.08)))
    )
    (fp_line (start -1 3.14) (end -1 1.94) (layer F.Fab) (width 0.1))
    (fp_line (start -1.68 1.59) (end 1.68 1.59) (layer F.CrtYd) (width 0.05))
    (fp_line (start 1.68 1.59) (end 1.68 3.49) (layer F.CrtYd) (width 0.05))
    (fp_line (start -1.68 3.49) (end -1.68 1.59) (layer F.CrtYd) (width 0.05))
    (fp_line (start 1 1.94) (end 1 3.14) (layer F.Fab) (width 0.1))
    (fp_line (start -0.258578 3.25) (end 0.258578 3.25) (layer F.SilkS) (width 0.12))
    (fp_line (start -1 1.94) (end 1 1.94) (layer F.Fab) (width 0.1))
    (fp_line (start 1 3.14) (end -1 3.14) (layer F.Fab) (width 0.1))
    (fp_line (start -0.258578 1.83) (end 0.258578 1.83) (layer F.SilkS) (width 0.12))
    (fp_line (start 1.68 3.49) (end -1.68 3.49) (layer F.CrtYd) (width 0.05))
    (pad 2 smd roundrect (at 0.9375 2.54 180) (size 0.975 1.4) (layers F.Cu F.Paste F.Mask) (roundrect_rratio 0.25)
      (net 25 "Net-(C15-Pad2)"))
    (pad 1 smd roundrect (at -0.9375 2.54 180) (size 0.975 1.4) (layers F.Cu F.Paste F.Mask) (roundrect_rratio 0.25)
      (net 26 "Net-(C15-Pad1)"))
  )

  (module "Xenir:Capacitor 0805" (layer F.Cu) (tedit 5EAD6262) (tstamp 60FB602C)
    (at 114.94 65.7375 270)
    (path /6101B717)
    (fp_text reference C13 (at 0.5 1 90) (layer F.SilkS)
      (effects (font (size 0.5 0.5) (thickness 0.125)))
    )
    (fp_text value .1uF (at 0.5 4 90) (layer F.Fab)
      (effects (font (size 0.5 0.5) (thickness 0.125)))
    )
    (fp_text user %R (at 0 2.54 90) (layer F.Fab)
      (effects (font (size 0.5 0.5) (thickness 0.08)))
    )
    (fp_line (start -1 3.14) (end -1 1.94) (layer F.Fab) (width 0.1))
    (fp_line (start -1.68 1.59) (end 1.68 1.59) (layer F.CrtYd) (width 0.05))
    (fp_line (start 1.68 1.59) (end 1.68 3.49) (layer F.CrtYd) (width 0.05))
    (fp_line (start -1.68 3.49) (end -1.68 1.59) (layer F.CrtYd) (width 0.05))
    (fp_line (start 1 1.94) (end 1 3.14) (layer F.Fab) (width 0.1))
    (fp_line (start -0.258578 3.25) (end 0.258578 3.25) (layer F.SilkS) (width 0.12))
    (fp_line (start -1 1.94) (end 1 1.94) (layer F.Fab) (width 0.1))
    (fp_line (start 1 3.14) (end -1 3.14) (layer F.Fab) (width 0.1))
    (fp_line (start -0.258578 1.83) (end 0.258578 1.83) (layer F.SilkS) (width 0.12))
    (fp_line (start 1.68 3.49) (end -1.68 3.49) (layer F.CrtYd) (width 0.05))
    (pad 2 smd roundrect (at 0.9375 2.54 270) (size 0.975 1.4) (layers F.Cu F.Paste F.Mask) (roundrect_rratio 0.25)
      (net 23 "Net-(C13-Pad2)"))
    (pad 1 smd roundrect (at -0.9375 2.54 270) (size 0.975 1.4) (layers F.Cu F.Paste F.Mask) (roundrect_rratio 0.25)
      (net 24 "Net-(C13-Pad1)"))
  )

  (module "Xenir:Capacitor 0805" (layer F.Cu) (tedit 5EAD6262) (tstamp 60FB601B)
    (at 107.6625 69.56)
    (path /60FCC79A)
    (fp_text reference C12 (at 0.5 1) (layer F.SilkS)
      (effects (font (size 0.5 0.5) (thickness 0.125)))
    )
    (fp_text value .1uF (at 0.5 4) (layer F.Fab)
      (effects (font (size 0.5 0.5) (thickness 0.125)))
    )
    (fp_text user %R (at 0 2.54) (layer F.Fab)
      (effects (font (size 0.5 0.5) (thickness 0.08)))
    )
    (fp_line (start -1 3.14) (end -1 1.94) (layer F.Fab) (width 0.1))
    (fp_line (start -1.68 1.59) (end 1.68 1.59) (layer F.CrtYd) (width 0.05))
    (fp_line (start 1.68 1.59) (end 1.68 3.49) (layer F.CrtYd) (width 0.05))
    (fp_line (start -1.68 3.49) (end -1.68 1.59) (layer F.CrtYd) (width 0.05))
    (fp_line (start 1 1.94) (end 1 3.14) (layer F.Fab) (width 0.1))
    (fp_line (start -0.258578 3.25) (end 0.258578 3.25) (layer F.SilkS) (width 0.12))
    (fp_line (start -1 1.94) (end 1 1.94) (layer F.Fab) (width 0.1))
    (fp_line (start 1 3.14) (end -1 3.14) (layer F.Fab) (width 0.1))
    (fp_line (start -0.258578 1.83) (end 0.258578 1.83) (layer F.SilkS) (width 0.12))
    (fp_line (start 1.68 3.49) (end -1.68 3.49) (layer F.CrtYd) (width 0.05))
    (pad 2 smd roundrect (at 0.9375 2.54) (size 0.975 1.4) (layers F.Cu F.Paste F.Mask) (roundrect_rratio 0.25)
      (net 21 "Net-(C12-Pad2)"))
    (pad 1 smd roundrect (at -0.9375 2.54) (size 0.975 1.4) (layers F.Cu F.Paste F.Mask) (roundrect_rratio 0.25)
      (net 22 "Net-(C12-Pad1)"))
  )

  (module "Xenir:Resistor 0805" (layer F.Cu) (tedit 5EAD64C3) (tstamp 60F4FDFC)
    (at 149.114 70.776)
    (path /60F799F0)
    (fp_text reference R9 (at 0 4) (layer F.SilkS)
      (effects (font (size 0.5 0.5) (thickness 0.125)))
    )
    (fp_text value 2.7k (at 0 1) (layer F.Fab)
      (effects (font (size 0.5 0.5) (thickness 0.125)))
    )
    (fp_text user %R (at 0 2.54) (layer F.Fab)
      (effects (font (size 0.5 0.5) (thickness 0.08)))
    )
    (fp_line (start -0.258578 3.25) (end 0.258578 3.25) (layer F.SilkS) (width 0.12))
    (fp_line (start 1.68 3.49) (end -1.68 3.49) (layer F.CrtYd) (width 0.05))
    (fp_line (start 1.68 1.59) (end 1.68 3.49) (layer F.CrtYd) (width 0.05))
    (fp_line (start 1 1.94) (end 1 3.14) (layer F.Fab) (width 0.1))
    (fp_line (start -1.68 3.49) (end -1.68 1.59) (layer F.CrtYd) (width 0.05))
    (fp_line (start -1 3.14) (end -1 1.94) (layer F.Fab) (width 0.1))
    (fp_line (start -1.68 1.59) (end 1.68 1.59) (layer F.CrtYd) (width 0.05))
    (fp_line (start -0.258578 1.83) (end 0.258578 1.83) (layer F.SilkS) (width 0.12))
    (fp_line (start -1 1.94) (end 1 1.94) (layer F.Fab) (width 0.1))
    (fp_line (start 1 3.14) (end -1 3.14) (layer F.Fab) (width 0.1))
    (pad 2 smd roundrect (at 0.9375 2.54) (size 0.975 1.4) (layers F.Cu F.Paste F.Mask) (roundrect_rratio 0.25)
      (net 12 "Net-(C2-Pad2)"))
    (pad 1 smd roundrect (at -0.9375 2.54) (size 0.975 1.4) (layers F.Cu F.Paste F.Mask) (roundrect_rratio 0.25)
      (net 20 "Net-(R9-Pad1)"))
  )

  (module "Xenir:Resistor 0805" (layer F.Cu) (tedit 5EAD64C3) (tstamp 60F4FDEB)
    (at 133.106 46.137)
    (path /60F5B137)
    (fp_text reference R8 (at 0 4) (layer F.SilkS)
      (effects (font (size 0.5 0.5) (thickness 0.125)))
    )
    (fp_text value 1k (at 0 1) (layer F.Fab)
      (effects (font (size 0.5 0.5) (thickness 0.125)))
    )
    (fp_text user %R (at 0 2.54) (layer F.Fab)
      (effects (font (size 0.5 0.5) (thickness 0.08)))
    )
    (fp_line (start -0.258578 3.25) (end 0.258578 3.25) (layer F.SilkS) (width 0.12))
    (fp_line (start 1.68 3.49) (end -1.68 3.49) (layer F.CrtYd) (width 0.05))
    (fp_line (start 1.68 1.59) (end 1.68 3.49) (layer F.CrtYd) (width 0.05))
    (fp_line (start 1 1.94) (end 1 3.14) (layer F.Fab) (width 0.1))
    (fp_line (start -1.68 3.49) (end -1.68 1.59) (layer F.CrtYd) (width 0.05))
    (fp_line (start -1 3.14) (end -1 1.94) (layer F.Fab) (width 0.1))
    (fp_line (start -1.68 1.59) (end 1.68 1.59) (layer F.CrtYd) (width 0.05))
    (fp_line (start -0.258578 1.83) (end 0.258578 1.83) (layer F.SilkS) (width 0.12))
    (fp_line (start -1 1.94) (end 1 1.94) (layer F.Fab) (width 0.1))
    (fp_line (start 1 3.14) (end -1 3.14) (layer F.Fab) (width 0.1))
    (pad 2 smd roundrect (at 0.9375 2.54) (size 0.975 1.4) (layers F.Cu F.Paste F.Mask) (roundrect_rratio 0.25)
      (net 1 GND))
    (pad 1 smd roundrect (at -0.9375 2.54) (size 0.975 1.4) (layers F.Cu F.Paste F.Mask) (roundrect_rratio 0.25)
      (net 11 "Net-(C1-Pad1)"))
  )

  (module "Xenir:Capacitor 0805" (layer F.Cu) (tedit 5EAD6262) (tstamp 60F4F892)
    (at 149.0655 74.459)
    (path /60F7F48C)
    (fp_text reference C10 (at 0.5 1) (layer F.SilkS)
      (effects (font (size 0.5 0.5) (thickness 0.125)))
    )
    (fp_text value .1uF (at 0.5 4) (layer F.Fab)
      (effects (font (size 0.5 0.5) (thickness 0.125)))
    )
    (fp_text user %R (at 0 2.54) (layer F.Fab)
      (effects (font (size 0.5 0.5) (thickness 0.08)))
    )
    (fp_line (start 1.68 3.49) (end -1.68 3.49) (layer F.CrtYd) (width 0.05))
    (fp_line (start -0.258578 1.83) (end 0.258578 1.83) (layer F.SilkS) (width 0.12))
    (fp_line (start 1 3.14) (end -1 3.14) (layer F.Fab) (width 0.1))
    (fp_line (start -1 1.94) (end 1 1.94) (layer F.Fab) (width 0.1))
    (fp_line (start -0.258578 3.25) (end 0.258578 3.25) (layer F.SilkS) (width 0.12))
    (fp_line (start 1 1.94) (end 1 3.14) (layer F.Fab) (width 0.1))
    (fp_line (start -1.68 3.49) (end -1.68 1.59) (layer F.CrtYd) (width 0.05))
    (fp_line (start 1.68 1.59) (end 1.68 3.49) (layer F.CrtYd) (width 0.05))
    (fp_line (start -1.68 1.59) (end 1.68 1.59) (layer F.CrtYd) (width 0.05))
    (fp_line (start -1 3.14) (end -1 1.94) (layer F.Fab) (width 0.1))
    (pad 2 smd roundrect (at 0.9375 2.54) (size 0.975 1.4) (layers F.Cu F.Paste F.Mask) (roundrect_rratio 0.25)
      (net 1 GND))
    (pad 1 smd roundrect (at -0.9375 2.54) (size 0.975 1.4) (layers F.Cu F.Paste F.Mask) (roundrect_rratio 0.25)
      (net 8 +5V))
  )

  (module Xenir:Audio_Jack (layer B.Cu) (tedit 5ED2A970) (tstamp 60F1EB2E)
    (at 81.2 58.2)
    (path /610E1D61)
    (fp_text reference J4 (at 0.5 -1.5) (layer B.SilkS)
      (effects (font (size 1 1) (thickness 0.15)) (justify mirror))
    )
    (fp_text value Audio_Jack (at 0 0.5) (layer B.Fab)
      (effects (font (size 1 1) (thickness 0.15)) (justify mirror))
    )
    (fp_line (start -5.5 -2.5) (end -5.5 -14.5) (layer B.SilkS) (width 0.2032))
    (fp_line (start -5.5 -2.5) (end -5.5 -4) (layer B.Fab) (width 0.2032))
    (fp_line (start -6.5 -13) (end -5.5 -13) (layer B.Fab) (width 0.2032))
    (fp_line (start 5.5 -2.5) (end 5.5 -14.5) (layer B.SilkS) (width 0.2032))
    (fp_circle (center 3 -6) (end 3.3302 -6) (layer B.Mask) (width 0.6604))
    (fp_circle (center 3 -13.6) (end 3.3302 -13.6) (layer B.Mask) (width 0.6604))
    (fp_line (start -6.5 -4) (end -6.5 -5.5) (layer B.Fab) (width 0.2032))
    (fp_line (start -6.5 -11.5) (end -6.5 -13) (layer B.Fab) (width 0.2032))
    (fp_circle (center 3 -11) (end 3.6096 -11) (layer F.Mask) (width 1.2192))
    (fp_line (start -5.5 -14.5) (end 1.5 -14.5) (layer B.SilkS) (width 0.2032))
    (fp_circle (center -2 -8.5) (end -1.6698 -8.5) (layer B.Mask) (width 0.6604))
    (fp_circle (center 3 -3.4) (end 3.6096 -3.4) (layer F.Mask) (width 1.2192))
    (fp_line (start 5.5 -14.5) (end 4.5 -14.5) (layer B.SilkS) (width 0.2032))
    (fp_circle (center 3 -3.4) (end 3.3302 -3.4) (layer B.Mask) (width 0.6604))
    (fp_line (start -5.5 -13) (end -5.5 -14.5) (layer B.Fab) (width 0.2032))
    (fp_line (start -8.5 -5.5) (end -8.5 -11.5) (layer B.Fab) (width 0.2032))
    (fp_circle (center 3 -11) (end 3.3302 -11) (layer B.Mask) (width 0.6604))
    (fp_circle (center 3 -13.6) (end 3.6096 -13.6) (layer F.Mask) (width 1.2192))
    (fp_line (start 5.5 -2.5) (end 4.5 -2.5) (layer B.SilkS) (width 0.2032))
    (fp_line (start -8.5 -11.5) (end -6.5 -11.5) (layer B.Fab) (width 0.2032))
    (fp_line (start -5.5 -2.5) (end 1.5 -2.5) (layer B.SilkS) (width 0.2032))
    (fp_circle (center -2 -8.5) (end -1.3904 -8.5) (layer F.Mask) (width 1.2192))
    (fp_circle (center 3 -6) (end 3.6096 -6) (layer F.Mask) (width 1.2192))
    (fp_line (start -6.5 -4) (end -5.5 -4) (layer B.Fab) (width 0.2032))
    (fp_line (start -8.5 -5.5) (end -6.5 -5.5) (layer B.Fab) (width 0.2032))
    (pad "" np_thru_hole circle (at -4.5 -3.5) (size 1.2 1.2) (drill 1.2) (layers *.Cu *.Mask))
    (pad "" np_thru_hole circle (at -2 -3.5) (size 1.2 1.2) (drill 1.2) (layers *.Cu *.Mask))
    (pad RING thru_hole circle (at 3 -3.4) (size 2.3 2.3) (drill 1.3) (layers *.Cu *.Mask)
      (net 18 "Net-(J4-PadRING)") (solder_mask_margin 0.1016))
    (pad "" np_thru_hole circle (at 3 -8.5) (size 1.2 1.2) (drill 1.2) (layers *.Cu *.Mask))
    (pad SLEEVE thru_hole circle (at -2 -8.5) (size 2.3 2.3) (drill 1.3) (layers *.Cu *.Mask)
      (net 1 GND) (solder_mask_margin 0.1016))
    (pad "" np_thru_hole circle (at -2 -13.5) (size 1.2 1.2) (drill 1.2) (layers *.Cu *.Mask))
    (pad TIP thru_hole circle (at 3 -13.6) (size 2.3 2.3) (drill 1.3) (layers *.Cu *.Mask)
      (net 18 "Net-(J4-PadRING)") (solder_mask_margin 0.1016))
    (pad TSH thru_hole circle (at 3 -11) (size 2.3 2.3) (drill 1.3) (layers *.Cu *.Mask)
      (net 18 "Net-(J4-PadRING)") (solder_mask_margin 0.1016))
    (pad "" np_thru_hole circle (at -4.5 -13.5) (size 1.2 1.2) (drill 1.2) (layers *.Cu *.Mask))
    (pad RSH thru_hole circle (at 3 -6) (size 2.3 2.3) (drill 1.3) (layers *.Cu *.Mask)
      (net 18 "Net-(J4-PadRING)") (solder_mask_margin 0.1016))
  )

  (module "Xenir:Resistor 0805" (layer F.Cu) (tedit 5EAD64C3) (tstamp 60F1AFE7)
    (at 84.0625 62.54 180)
    (path /610BF946)
    (fp_text reference R5 (at 0 4) (layer F.SilkS)
      (effects (font (size 0.5 0.5) (thickness 0.125)))
    )
    (fp_text value 1.5k (at 0 1) (layer F.Fab)
      (effects (font (size 0.5 0.5) (thickness 0.125)))
    )
    (fp_line (start 1 3.14) (end -1 3.14) (layer F.Fab) (width 0.1))
    (fp_line (start -1 1.94) (end 1 1.94) (layer F.Fab) (width 0.1))
    (fp_line (start -0.258578 1.83) (end 0.258578 1.83) (layer F.SilkS) (width 0.12))
    (fp_line (start -1.68 1.59) (end 1.68 1.59) (layer F.CrtYd) (width 0.05))
    (fp_line (start -1 3.14) (end -1 1.94) (layer F.Fab) (width 0.1))
    (fp_line (start -1.68 3.49) (end -1.68 1.59) (layer F.CrtYd) (width 0.05))
    (fp_line (start 1 1.94) (end 1 3.14) (layer F.Fab) (width 0.1))
    (fp_line (start 1.68 1.59) (end 1.68 3.49) (layer F.CrtYd) (width 0.05))
    (fp_line (start 1.68 3.49) (end -1.68 3.49) (layer F.CrtYd) (width 0.05))
    (fp_line (start -0.258578 3.25) (end 0.258578 3.25) (layer F.SilkS) (width 0.12))
    (fp_text user %R (at 0 2.54) (layer F.Fab)
      (effects (font (size 0.5 0.5) (thickness 0.08)))
    )
    (pad 2 smd roundrect (at 0.9375 2.54 180) (size 0.975 1.4) (layers F.Cu F.Paste F.Mask) (roundrect_rratio 0.25)
      (net 18 "Net-(J4-PadRING)"))
    (pad 1 smd roundrect (at -0.9375 2.54 180) (size 0.975 1.4) (layers F.Cu F.Paste F.Mask) (roundrect_rratio 0.25)
      (net 15 "Net-(C6-Pad1)"))
  )

  (module "Xenir:Resistor 0805" (layer F.Cu) (tedit 5EAD64C3) (tstamp 60F1AFD6)
    (at 91.84 60.8625 270)
    (path /61095B4B)
    (fp_text reference R4 (at 0 4 90) (layer F.SilkS)
      (effects (font (size 0.5 0.5) (thickness 0.125)))
    )
    (fp_text value 10k (at 0 1 90) (layer F.Fab)
      (effects (font (size 0.5 0.5) (thickness 0.125)))
    )
    (fp_line (start 1 3.14) (end -1 3.14) (layer F.Fab) (width 0.1))
    (fp_line (start -1 1.94) (end 1 1.94) (layer F.Fab) (width 0.1))
    (fp_line (start -0.258578 1.83) (end 0.258578 1.83) (layer F.SilkS) (width 0.12))
    (fp_line (start -1.68 1.59) (end 1.68 1.59) (layer F.CrtYd) (width 0.05))
    (fp_line (start -1 3.14) (end -1 1.94) (layer F.Fab) (width 0.1))
    (fp_line (start -1.68 3.49) (end -1.68 1.59) (layer F.CrtYd) (width 0.05))
    (fp_line (start 1 1.94) (end 1 3.14) (layer F.Fab) (width 0.1))
    (fp_line (start 1.68 1.59) (end 1.68 3.49) (layer F.CrtYd) (width 0.05))
    (fp_line (start 1.68 3.49) (end -1.68 3.49) (layer F.CrtYd) (width 0.05))
    (fp_line (start -0.258578 3.25) (end 0.258578 3.25) (layer F.SilkS) (width 0.12))
    (fp_text user %R (at 0 2.54 90) (layer F.Fab)
      (effects (font (size 0.5 0.5) (thickness 0.08)))
    )
    (pad 2 smd roundrect (at 0.9375 2.54 270) (size 0.975 1.4) (layers F.Cu F.Paste F.Mask) (roundrect_rratio 0.25)
      (net 17 "Net-(Q5-Pad1)"))
    (pad 1 smd roundrect (at -0.9375 2.54 270) (size 0.975 1.4) (layers F.Cu F.Paste F.Mask) (roundrect_rratio 0.25)
      (net 4 +12V))
  )

  (module "Xenir:Resistor 0805" (layer F.Cu) (tedit 5EAD64C3) (tstamp 60F1AFC5)
    (at 77.46 60.7375 90)
    (path /610C1602)
    (fp_text reference R3 (at 0 4 90) (layer F.SilkS)
      (effects (font (size 0.5 0.5) (thickness 0.125)))
    )
    (fp_text value 10k (at 0 1 90) (layer F.Fab)
      (effects (font (size 0.5 0.5) (thickness 0.125)))
    )
    (fp_line (start 1 3.14) (end -1 3.14) (layer F.Fab) (width 0.1))
    (fp_line (start -1 1.94) (end 1 1.94) (layer F.Fab) (width 0.1))
    (fp_line (start -0.258578 1.83) (end 0.258578 1.83) (layer F.SilkS) (width 0.12))
    (fp_line (start -1.68 1.59) (end 1.68 1.59) (layer F.CrtYd) (width 0.05))
    (fp_line (start -1 3.14) (end -1 1.94) (layer F.Fab) (width 0.1))
    (fp_line (start -1.68 3.49) (end -1.68 1.59) (layer F.CrtYd) (width 0.05))
    (fp_line (start 1 1.94) (end 1 3.14) (layer F.Fab) (width 0.1))
    (fp_line (start 1.68 1.59) (end 1.68 3.49) (layer F.CrtYd) (width 0.05))
    (fp_line (start 1.68 3.49) (end -1.68 3.49) (layer F.CrtYd) (width 0.05))
    (fp_line (start -0.258578 3.25) (end 0.258578 3.25) (layer F.SilkS) (width 0.12))
    (fp_text user %R (at 0 2.54 90) (layer F.Fab)
      (effects (font (size 0.5 0.5) (thickness 0.08)))
    )
    (pad 2 smd roundrect (at 0.9375 2.54 90) (size 0.975 1.4) (layers F.Cu F.Paste F.Mask) (roundrect_rratio 0.25)
      (net 18 "Net-(J4-PadRING)"))
    (pad 1 smd roundrect (at -0.9375 2.54 90) (size 0.975 1.4) (layers F.Cu F.Paste F.Mask) (roundrect_rratio 0.25)
      (net 1 GND))
  )

  (module Package_TO_SOT_THT:TO-251-3_Vertical (layer F.Cu) (tedit 5ACC4915) (tstamp 60F1AF74)
    (at 93.2 65.2 90)
    (descr "TO-251-3, Vertical, RM 2.29mm, IPAK, see https://www.diodes.com/assets/Package-Files/TO251.pdf")
    (tags "TO-251-3 Vertical RM 2.29mm IPAK")
    (path /61088943)
    (fp_text reference Q5 (at 2.29 -2.39 90) (layer F.SilkS)
      (effects (font (size 1 1) (thickness 0.15)))
    )
    (fp_text value IRFU9024 (at 2.29 2.28 90) (layer F.Fab)
