(kicad_pcb (version 20171130) (host pcbnew "(5.1.5)-3")

  (general
    (thickness 1.6002)
    (drawings 7)
    (tracks 64)
    (zones 0)
    (modules 16)
    (nets 9)
  )

  (page A)
  (title_block
    (title "CW FILTER")
    (date 2021-08-17)
    (rev 1)
    (company "Land Boards LLC")
  )

  (layers
    (0 Front signal)
    (31 Back signal)
    (36 B.SilkS user)
    (37 F.SilkS user)
    (38 B.Mask user)
    (39 F.Mask user)
    (40 Dwgs.User user)
    (44 Edge.Cuts user)
  )

  (setup
    (last_trace_width 0.2032)
    (user_trace_width 0.3048)
    (user_trace_width 0.381)
    (user_trace_width 0.635)
    (trace_clearance 0.254)
    (zone_clearance 0.254)
    (zone_45_only no)
    (trace_min 0.2032)
    (via_size 0.889)
    (via_drill 0.635)
    (via_min_size 0.889)
    (via_min_drill 0.508)
    (uvia_size 0.508)
    (uvia_drill 0.127)
    (uvias_allowed no)
    (uvia_min_size 0.508)
    (uvia_min_drill 0.127)
    (edge_width 0.381)
    (segment_width 0.381)
    (pcb_text_width 0.3048)
    (pcb_text_size 1.524 2.032)
    (mod_edge_width 0.381)
    (mod_text_size 1.524 1.524)
    (mod_text_width 0.3048)
    (pad_size 1.524 1.524)
    (pad_drill 0.8128)
    (pad_to_mask_clearance 0.254)
    (aux_axis_origin 147.32 73.8124)
    (grid_origin 0.02 0.0124)
    (visible_elements 7FFFEB7F)
    (pcbplotparams
      (layerselection 0x010f0_ffffffff)
      (usegerberextensions false)
      (usegerberattributes false)
      (usegerberadvancedattributes false)
      (creategerberjobfile false)
      (excludeedgelayer true)
      (linewidth 0.150000)
      (plotframeref false)
      (viasonmask false)
      (mode 1)
      (useauxorigin false)
      (hpglpennumber 1)
      (hpglpenspeed 20)
      (hpglpendiameter 15.000000)
      (psnegative false)
      (psa4output false)
      (plotreference true)
      (plotvalue true)
      (plotinvisibletext false)
      (padsonsilk false)
      (subtractmaskfromsilk false)
      (outputformat 1)
      (mirror false)
      (drillshape 0)
      (scaleselection 1)
      (outputdirectory "plots/"))
  )

  (net 0 "")
  (net 1 GND)
  (net 2 "Net-(C1-Pad1)")
  (net 3 "Net-(C3-Pad1)")
  (net 4 "Net-(C3-Pad2)")
  (net 5 "Net-(C1-Pad2)")
  (net 6 "Net-(C4-Pad1)")
  (net 7 "Net-(J3-Pad1)")
  (net 8 "Net-(Q2-Pad2)")

  (net_class Default "This is the default net class."
    (clearance 0.254)
    (trace_width 0.2032)
    (via_dia 0.889)
    (via_drill 0.635)
    (uvia_dia 0.508)
    (uvia_drill 0.127)
    (add_net GND)
    (add_net "Net-(C1-Pad1)")
    (add_net "Net-(C1-Pad2)")
    (add_net "Net-(C3-Pad1)")
    (add_net "Net-(C3-Pad2)")
    (add_net "Net-(C4-Pad1)")
    (add_net "Net-(J3-Pad1)")
    (add_net "Net-(Q2-Pad2)")
  )

  (module LandBoards_Conns:BNC-RT (layer Front) (tedit 5183D213) (tstamp 611C54A8)
    (at 99.207 78.7524 270)
    (path /611D0E72)
    (fp_text reference J1 (at 4.826 -0.889 90) (layer F.SilkS)
      (effects (font (size 1.651 1.651) (thickness 0.3048)))
    )
    (fp_text value BNC (at -0.14986 6.2992 90) (layer F.SilkS) hide
      (effects (font (size 1.524 1.524) (thickness 0.3048)))
    )
    (fp_line (start -7.1882 1.13538) (end 7.21106 1.13538) (layer F.SilkS) (width 0.381))
    (fp_line (start 7.21106 -13.08354) (end 7.21106 1.1176) (layer F.SilkS) (width 0.381))
    (fp_line (start -7.19328 -13.07846) (end 7.20598 -13.07846) (layer F.SilkS) (width 0.381))
    (fp_line (start -7.1882 1.1176) (end -7.1882 -13.08354) (layer F.SilkS) (width 0.381))
    (pad "" thru_hole circle (at 5.08 -5.08 270) (size 2.54 2.54) (drill 2.00914) (layers *.Cu *.Mask F.SilkS))
    (pad "" thru_hole circle (at -5.08 -5.08 270) (size 2.54 2.54) (drill 2.00914) (layers *.Cu *.Mask F.SilkS))
    (pad 2 thru_hole circle (at -2.54 0 270) (size 1.651 1.651) (drill 0.889) (layers *.Cu *.Mask F.SilkS)
      (net 1 GND))
    (pad 1 thru_hole circle (at 0 0 270) (size 1.5748 1.5748) (drill 0.889) (layers *.Cu *.Mask F.SilkS)
      (net 3 "Net-(C3-Pad1)"))
    (model C:/Users/HPz420/Documents/GitHub/land-boards/lb-boards/KiCAD/3D_STP_Files/BNC/31-5431-10RFX.stp
      (offset (xyz 0 -1.2192 0))
      (scale (xyz 1 1 1))
      (rotate (xyz -90 0 -90))
    )
  )

  (module LandBoards_Conns:SMA_EDGE (layer Front) (tedit 516DB352) (tstamp 611CC668)
    (at 109.24 78.7524)
    (path /611D0E7C)
    (fp_text reference P1 (at -4.318 0 90) (layer F.SilkS)
      (effects (font (size 1.651 1.651) (thickness 0.3048)))
    )
    (fp_text value SMA (at 4.826 0.254 90) (layer F.SilkS) hide
      (effects (font (size 1.524 1.524) (thickness 0.3048)))
    )
    (pad 2 smd rect (at 0 4.318) (size 5.08 2.413) (layers Back B.Paste B.Mask)
      (net 1 GND))
    (pad 2 smd rect (at 0 -4.318) (size 5.08 2.413) (layers Back B.Paste B.Mask)
      (net 1 GND))
    (pad 2 smd rect (at 0 4.318) (size 5.08 2.413) (layers Front F.Paste F.Mask)
      (net 1 GND))
    (pad 2 smd rect (at 0 -4.318) (size 5.08 2.413) (layers Front F.Paste F.Mask)
      (net 1 GND))
    (pad 1 smd rect (at 0 0) (size 5.08 2.286) (layers Front F.Paste F.Mask)
      (net 3 "Net-(C3-Pad1)"))
  )

  (module Capacitor_SMD:C_0805_2012Metric_Pad1.15x1.40mm_HandSolder (layer Front) (tedit 5B36C52B) (tstamp 611E74CB)
    (at 95.27 67.3224 180)
    (descr "Capacitor SMD 0805 (2012 Metric), square (rectangular) end terminal, IPC_7351 nominal with elongated pad for handsoldering. (Body size source: https://docs.google.com/spreadsheets/d/1BsfQQcO9C6DZCsRaXUlFlo91Tg2WpOkGARC1WS5S8t0/edit?usp=sharing), generated with kicad-footprint-generator")
    (tags "capacitor handsolder")
    (path /6120130D)
    (attr smd)
    (fp_text reference C1 (at 0 1.524) (layer F.SilkS)
      (effects (font (size 1 1) (thickness 0.15)))
    )
    (fp_text value 470PF (at 0 1.65) (layer F.Fab)
      (effects (font (size 1 1) (thickness 0.15)))
    )
    (fp_text user %R (at 0 0) (layer F.Fab)
      (effects (font (size 0.5 0.5) (thickness 0.08)))
    )
    (fp_line (start 1.85 0.95) (end -1.85 0.95) (layer F.CrtYd) (width 0.05))
    (fp_line (start 1.85 -0.95) (end 1.85 0.95) (layer F.CrtYd) (width 0.05))
    (fp_line (start -1.85 -0.95) (end 1.85 -0.95) (layer F.CrtYd) (width 0.05))
    (fp_line (start -1.85 0.95) (end -1.85 -0.95) (layer F.CrtYd) (width 0.05))
    (fp_line (start -0.261252 0.71) (end 0.261252 0.71) (layer F.SilkS) (width 0.12))
    (fp_line (start -0.261252 -0.71) (end 0.261252 -0.71) (layer F.SilkS) (width 0.12))
    (fp_line (start 1 0.6) (end -1 0.6) (layer F.Fab) (width 0.1))
    (fp_line (start 1 -0.6) (end 1 0.6) (layer F.Fab) (width 0.1))
    (fp_line (start -1 -0.6) (end 1 -0.6) (layer F.Fab) (width 0.1))
    (fp_line (start -1 0.6) (end -1 -0.6) (layer F.Fab) (width 0.1))
    (pad 2 smd roundrect (at 1.025 0 180) (size 1.15 1.4) (layers Front F.Paste F.Mask) (roundrect_rratio 0.217391)
      (net 5 "Net-(C1-Pad2)"))
    (pad 1 smd roundrect (at -1.025 0 180) (size 1.15 1.4) (layers Front F.Paste F.Mask) (roundrect_rratio 0.217391)
      (net 2 "Net-(C1-Pad1)"))
    (model ${KISYS3DMOD}/Capacitor_SMD.3dshapes/C_0805_2012Metric.wrl
      (at (xyz 0 0 0))
      (scale (xyz 1 1 1))
      (rotate (xyz 0 0 0))
    )
  )

  (module Capacitor_SMD:C_0805_2012Metric_Pad1.15x1.40mm_HandSolder (layer Front) (tedit 5B36C52B) (tstamp 611E74FB)
    (at 90.825 64.1474 180)
    (descr "Capacitor SMD 0805 (2012 Metric), square (rectangular) end terminal, IPC_7351 nominal with elongated pad for handsoldering. (Body size source: https://docs.google.com/spreadsheets/d/1BsfQQcO9C6DZCsRaXUlFlo91Tg2WpOkGARC1WS5S8t0/edit?usp=sharing), generated with kicad-footprint-generator")
    (tags "capacitor handsolder")
    (path /611F875A)
    (attr smd)
    (fp_text reference C2 (at 0 1.651) (layer F.SilkS)
      (effects (font (size 1 1) (thickness 0.15)))
    )
    (fp_text value 470PF (at 0 1.65) (layer F.Fab)
      (effects (font (size 1 1) (thickness 0.15)))
    )
    (fp_line (start -1 0.6) (end -1 -0.6) (layer F.Fab) (width 0.1))
    (fp_line (start -1 -0.6) (end 1 -0.6) (layer F.Fab) (width 0.1))
    (fp_line (start 1 -0.6) (end 1 0.6) (layer F.Fab) (width 0.1))
    (fp_line (start 1 0.6) (end -1 0.6) (layer F.Fab) (width 0.1))
    (fp_line (start -0.261252 -0.71) (end 0.261252 -0.71) (layer F.SilkS) (width 0.12))
    (fp_line (start -0.261252 0.71) (end 0.261252 0.71) (layer F.SilkS) (width 0.12))
    (fp_line (start -1.85 0.95) (end -1.85 -0.95) (layer F.CrtYd) (width 0.05))
    (fp_line (start -1.85 -0.95) (end 1.85 -0.95) (layer F.CrtYd) (width 0.05))
    (fp_line (start 1.85 -0.95) (end 1.85 0.95) (layer F.CrtYd) (width 0.05))
    (fp_line (start 1.85 0.95) (end -1.85 0.95) (layer F.CrtYd) (width 0.05))
    (fp_text user %R (at 0 0) (layer F.Fab)
      (effects (font (size 0.5 0.5) (thickness 0.08)))
    )
    (pad 1 smd roundrect (at -1.025 0 180) (size 1.15 1.4) (layers Front F.Paste F.Mask) (roundrect_rratio 0.217391)
      (net 5 "Net-(C1-Pad2)"))
    (pad 2 smd roundrect (at 1.025 0 180) (size 1.15 1.4) (layers Front F.Paste F.Mask) (roundrect_rratio 0.217391)
      (net 1 GND))
    (model ${KISYS3DMOD}/Capacitor_SMD.3dshapes/C_0805_2012Metric.wrl
      (at (xyz 0 0 0))
      (scale (xyz 1 1 1))
      (rotate (xyz 0 0 0))
    )
  )

  (module Capacitor_SMD:C_0805_2012Metric_Pad1.15x1.40mm_HandSolder (layer Front) (tedit 5B36C52B) (tstamp 611E749B)
    (at 94.508 82.3084 180)
    (descr "Capacitor SMD 0805 (2012 Metric), square (rectangular) end terminal, IPC_7351 nominal with elongated pad for handsoldering. (Body size source: https://docs.google.com/spreadsheets/d/1BsfQQcO9C6DZCsRaXUlFlo91Tg2WpOkGARC1WS5S8t0/edit?usp=sharing), generated with kicad-footprint-generator")
    (tags "capacitor handsolder")
    (path /611F51C6)
    (attr smd)
    (fp_text reference C3 (at -2.54 0 90) (layer F.SilkS)
      (effects (font (size 1 1) (thickness 0.15)))
    )
    (fp_text value 100pF (at 0 1.65) (layer F.Fab)
      (effects (font (size 1 1) (thickness 0.15)))
    )
    (fp_text user %R (at 0 0) (layer F.Fab)
      (effects (font (size 0.5 0.5) (thickness 0.08)))
    )
    (fp_line (start 1.85 0.95) (end -1.85 0.95) (layer F.CrtYd) (width 0.05))
    (fp_line (start 1.85 -0.95) (end 1.85 0.95) (layer F.CrtYd) (width 0.05))
    (fp_line (start -1.85 -0.95) (end 1.85 -0.95) (layer F.CrtYd) (width 0.05))
    (fp_line (start -1.85 0.95) (end -1.85 -0.95) (layer F.CrtYd) (width 0.05))
    (fp_line (start -0.261252 0.71) (end 0.261252 0.71) (layer F.SilkS) (width 0.12))
    (fp_line (start -0.261252 -0.71) (end 0.261252 -0.71) (layer F.SilkS) (width 0.12))
    (fp_line (start 1 0.6) (end -1 0.6) (layer F.Fab) (width 0.1))
    (fp_line (start 1 -0.6) (end 1 0.6) (layer F.Fab) (width 0.1))
    (fp_line (start -1 -0.6) (end 1 -0.6) (layer F.Fab) (width 0.1))
    (fp_line (start -1 0.6) (end -1 -0.6) (layer F.Fab) (width 0.1))
    (pad 2 smd roundrect (at 1.025 0 180) (size 1.15 1.4) (layers Front F.Paste F.Mask) (roundrect_rratio 0.217391)
      (net 4 "Net-(C3-Pad2)"))
    (pad 1 smd roundrect (at -1.025 0 180) (size 1.15 1.4) (layers Front F.Paste F.Mask) (roundrect_rratio 0.217391)
      (net 3 "Net-(C3-Pad1)"))
    (model ${KISYS3DMOD}/Capacitor_SMD.3dshapes/C_0805_2012Metric.wrl
      (at (xyz 0 0 0))
      (scale (xyz 1 1 1))
      (rotate (xyz 0 0 0))
    )
  )

  (module Capacitor_SMD:C_0805_2012Metric_Pad1.15x1.40mm_HandSolder (layer Front) (tedit 5B36C52B) (tstamp 611E758B)
    (at 99.588 60.9724 90)
    (descr "Capacitor SMD 0805 (2012 Metric), square (rectangular) end terminal, IPC_7351 nominal with elongated pad for handsoldering. (Body size source: https://docs.google.com/spreadsheets/d/1BsfQQcO9C6DZCsRaXUlFlo91Tg2WpOkGARC1WS5S8t0/edit?usp=sharing), generated with kicad-footprint-generator")
    (tags "capacitor handsolder")
    (path /611FD57B)
    (attr smd)
    (fp_text reference C4 (at 2.794 0 180) (layer F.SilkS)
      (effects (font (size 1 1) (thickness 0.15)))
    )
    (fp_text value 0.1uF (at 0 1.65 90) (layer F.Fab)
      (effects (font (size 1 1) (thickness 0.15)))
    )
    (fp_line (start -1 0.6) (end -1 -0.6) (layer F.Fab) (width 0.1))
    (fp_line (start -1 -0.6) (end 1 -0.6) (layer F.Fab) (width 0.1))
    (fp_line (start 1 -0.6) (end 1 0.6) (layer F.Fab) (width 0.1))
    (fp_line (start 1 0.6) (end -1 0.6) (layer F.Fab) (width 0.1))
    (fp_line (start -0.261252 -0.71) (end 0.261252 -0.71) (layer F.SilkS) (width 0.12))
    (fp_line (start -0.261252 0.71) (end 0.261252 0.71) (layer F.SilkS) (width 0.12))
    (fp_line (start -1.85 0.95) (end -1.85 -0.95) (layer F.CrtYd) (width 0.05))
    (fp_line (start -1.85 -0.95) (end 1.85 -0.95) (layer F.CrtYd) (width 0.05))
    (fp_line (start 1.85 -0.95) (end 1.85 0.95) (layer F.CrtYd) (width 0.05))
    (fp_line (start 1.85 0.95) (end -1.85 0.95) (layer F.CrtYd) (width 0.05))
    (fp_text user %R (at 0 0 90) (layer F.Fab)
      (effects (font (size 0.5 0.5) (thickness 0.08)))
    )
    (pad 1 smd roundrect (at -1.025 0 90) (size 1.15 1.4) (layers Front F.Paste F.Mask) (roundrect_rratio 0.217391)
      (net 6 "Net-(C4-Pad1)"))
    (pad 2 smd roundrect (at 1.025 0 90) (size 1.15 1.4) (layers Front F.Paste F.Mask) (roundrect_rratio 0.217391)
      (net 1 GND))
    (model ${KISYS3DMOD}/Capacitor_SMD.3dshapes/C_0805_2012Metric.wrl
      (at (xyz 0 0 0))
      (scale (xyz 1 1 1))
      (rotate (xyz 0 0 0))
    )
  )

  (module LandBoards_Conns:DCJ-NEW-Slotted (layer Front) (tedit 5D588C00) (tstamp 611E7475)
    (at 108.097 64.2744 180)
    (descr "DC Pwr, 2.1mm Jack")
    (tags "DC Power jack, 2.1mm")
    (path /6121F8A4)
    (fp_text reference J3 (at -0.0508 -6.05028) (layer F.SilkS) hide
      (effects (font (size 1.27 1.27) (thickness 0.3175)))
    )
    (fp_text value DCJ0202 (at -6 0 90) (layer F.SilkS) hide
      (effects (font (size 1.016 1.016) (thickness 0.254)))
    )
    (fp_line (start -4.2 4.5) (end -4.2 -4.5) (layer F.SilkS) (width 0.65))
    (fp_line (start -7.5 -4.5) (end -7.5 4.5) (layer F.SilkS) (width 0.65))
    (fp_line (start -7.5 -4.5) (end 6 -4.5) (layer F.SilkS) (width 0.65))
    (fp_line (start 6 -4.5) (end 6 4.5) (layer F.SilkS) (width 0.65))
    (fp_line (start -7.5 4.5) (end 6 4.5) (layer F.SilkS) (width 0.65))
    (pad 2 thru_hole oval (at 0 0 180) (size 2 4.6) (drill oval 1 2.54) (layers *.Cu *.Mask F.SilkS)
      (net 1 GND))
    (pad 1 thru_hole oval (at 6.1 0 180) (size 2 4.6) (drill oval 1 2.54) (layers *.Cu *.Mask F.SilkS)
      (net 7 "Net-(J3-Pad1)"))
    (pad 3 thru_hole oval (at 3.2 4.6 180) (size 4.6 2) (drill oval 2.54 1) (layers *.Cu *.Mask F.SilkS)
      (net 1 GND))
    (model C:/Users/HPz420/Documents/GitHub/land-boards/lb-boards/KiCAD/3D_STP_Files/DC_Jack/DS-201B.step
      (at (xyz 0 0 0))
      (scale (xyz 1 1 1))
      (rotate (xyz 0 0 -90))
    )
  )

  (module Package_TO_SOT_THT:TO-92_HandSolder (layer Front) (tedit 5A282C46) (tstamp 611E73E5)
    (at 94.635 71.2594 270)
    (descr "TO-92 leads molded, narrow, drill 0.75mm, handsoldering variant with enlarged pads (see NXP sot054_po.pdf)")
    (tags "to-92 sc-43 sc-43a sot54 PA33 transistor")
    (path /611EC0AC)
    (fp_text reference Q1 (at 8.255 -2.667 90) (layer F.SilkS)
      (effects (font (size 1 1) (thickness 0.15)))
    )
    (fp_text value 2N3904 (at 1.27 2.79 90) (layer F.Fab)
      (effects (font (size 1 1) (thickness 0.15)))
    )
    (fp_text user %R (at 1.27 -4.4 90) (layer F.Fab)
      (effects (font (size 1 1) (thickness 0.15)))
    )
    (fp_line (start -0.53 1.85) (end 3.07 1.85) (layer F.SilkS) (width 0.12))
    (fp_line (start -0.5 1.75) (end 3 1.75) (layer F.Fab) (width 0.1))
    (fp_line (start -1.46 -3.05) (end 4 -3.05) (layer F.CrtYd) (width 0.05))
    (fp_line (start -1.45 -3.05) (end -1.46 2.01) (layer F.CrtYd) (width 0.05))
    (fp_line (start 4 2.01) (end 4 -3.05) (layer F.CrtYd) (width 0.05))
    (fp_line (start 4 2.01) (end -1.46 2.01) (layer F.CrtYd) (width 0.05))
    (fp_arc (start 1.27 0) (end 1.27 -2.48) (angle 135) (layer F.Fab) (width 0.1))
    (fp_arc (start 1.27 0) (end 0.45 -2.45) (angle -116.9632683) (layer F.SilkS) (width 0.12))
    (fp_arc (start 1.27 0) (end 1.27 -2.48) (angle -135) (layer F.Fab) (width 0.1))
    (fp_arc (start 1.27 0) (end 2.05 -2.45) (angle 117.6433766) (layer F.SilkS) (width 0.12))
    (pad 2 thru_hole roundrect (at 1.27 -1.27 270) (size 1.1 1.8) (drill 0.75 (offset 0 -0.4)) (layers *.Cu *.Mask) (roundrect_rratio 0.25)
      (net 2 "Net-(C1-Pad1)"))
    (pad 3 thru_hole roundrect (at 2.54 0 270) (size 1.1 1.8) (drill 0.75 (offset 0 0.4)) (layers *.Cu *.Mask) (roundrect_rratio 0.25)
      (net 6 "Net-(C4-Pad1)"))
    (pad 1 thru_hole rect (at 0 0 270) (size 1.1 1.8) (drill 0.75 (offset 0 0.4)) (layers *.Cu *.Mask)
      (net 5 "Net-(C1-Pad2)"))
    (model ${KISYS3DMOD}/Package_TO_SOT_THT.3dshapes/TO-92.wrl
      (at (xyz 0 0 0))
      (scale (xyz 1 1 1))
      (rotate (xyz 0 0 0))
    )
  )

  (module Package_TO_SOT_THT:TO-92_HandSolder (layer Front) (tedit 5A282C46) (tstamp 611E7448)
    (at 94.762 79.5144 90)
    (descr "TO-92 leads molded, narrow, drill 0.75mm, handsoldering variant with enlarged pads (see NXP sot054_po.pdf)")
    (tags "to-92 sc-43 sc-43a sot54 PA33 transistor")
    (path /611ECF68)
    (fp_text reference Q2 (at 8.128 -2.54 90) (layer F.SilkS)
      (effects (font (size 1 1) (thickness 0.15)))
    )
    (fp_text value 2N3904 (at 1.27 2.79 90) (layer F.Fab)
      (effects (font (size 1 1) (thickness 0.15)))
    )
    (fp_arc (start 1.27 0) (end 2.05 -2.45) (angle 117.6433766) (layer F.SilkS) (width 0.12))
    (fp_arc (start 1.27 0) (end 1.27 -2.48) (angle -135) (layer F.Fab) (width 0.1))
    (fp_arc (start 1.27 0) (end 0.45 -2.45) (angle -116.9632683) (layer F.SilkS) (width 0.12))
    (fp_arc (start 1.27 0) (end 1.27 -2.48) (angle 135) (layer F.Fab) (width 0.1))
    (fp_line (start 4 2.01) (end -1.46 2.01) (layer F.CrtYd) (width 0.05))
    (fp_line (start 4 2.01) (end 4 -3.05) (layer F.CrtYd) (width 0.05))
    (fp_line (start -1.45 -3.05) (end -1.46 2.01) (layer F.CrtYd) (width 0.05))
    (fp_line (start -1.46 -3.05) (end 4 -3.05) (layer F.CrtYd) (width 0.05))
    (fp_line (start -0.5 1.75) (end 3 1.75) (layer F.Fab) (width 0.1))
    (fp_line (start -0.53 1.85) (end 3.07 1.85) (layer F.SilkS) (width 0.12))
    (fp_text user %R (at 1.27 -4.4 90) (layer F.Fab)
      (effects (font (size 1 1) (thickness 0.15)))
    )
    (pad 1 thru_hole rect (at 0 0 90) (size 1.1 1.8) (drill 0.75 (offset 0 0.4)) (layers *.Cu *.Mask)
      (net 4 "Net-(C3-Pad2)"))
    (pad 3 thru_hole roundrect (at 2.54 0 90) (size 1.1 1.8) (drill 0.75 (offset 0 0.4)) (layers *.Cu *.Mask) (roundrect_rratio 0.25)
      (net 6 "Net-(C4-Pad1)"))
    (pad 2 thru_hole roundrect (at 1.27 -1.27 90) (size 1.1 1.8) (drill 0.75 (offset 0 -0.4)) (layers *.Cu *.Mask) (roundrect_rratio 0.25)
      (net 8 "Net-(Q2-Pad2)"))
    (model ${KISYS3DMOD}/Package_TO_SOT_THT.3dshapes/TO-92.wrl
      (at (xyz 0 0 0))
      (scale (xyz 1 1 1))
      (rotate (xyz 0 0 0))
    )
  )

  (module Resistor_SMD:R_0805_2012Metric_Pad1.15x1.40mm_HandSolder (layer Front) (tedit 5B36C52B) (tstamp 611E755B)
    (at 95.27 60.9724)
    (descr "Resistor SMD 0805 (2012 Metric), square (rectangular) end terminal, IPC_7351 nominal with elongated pad for handsoldering. (Body size source: https://docs.google.com/spreadsheets/d/1BsfQQcO9C6DZCsRaXUlFlo91Tg2WpOkGARC1WS5S8t0/edit?usp=sharing), generated with kicad-footprint-generator")
    (tags "resistor handsolder")
    (path /61203C33)
    (attr smd)
    (fp_text reference R1 (at 0 -1.524) (layer F.SilkS)
      (effects (font (size 1 1) (thickness 0.15)))
    )
    (fp_text value 10K (at 0 1.65) (layer F.Fab)
      (effects (font (size 1 1) (thickness 0.15)))
    )
    (fp_text user %R (at 0 0) (layer F.Fab)
      (effects (font (size 0.5 0.5) (thickness 0.08)))
    )
    (fp_line (start 1.85 0.95) (end -1.85 0.95) (layer F.CrtYd) (width 0.05))
    (fp_line (start 1.85 -0.95) (end 1.85 0.95) (layer F.CrtYd) (width 0.05))
    (fp_line (start -1.85 -0.95) (end 1.85 -0.95) (layer F.CrtYd) (width 0.05))
    (fp_line (start -1.85 0.95) (end -1.85 -0.95) (layer F.CrtYd) (width 0.05))
    (fp_line (start -0.261252 0.71) (end 0.261252 0.71) (layer F.SilkS) (width 0.12))
    (fp_line (start -0.261252 -0.71) (end 0.261252 -0.71) (layer F.SilkS) (width 0.12))
    (fp_line (start 1 0.6) (end -1 0.6) (layer F.Fab) (width 0.1))
    (fp_line (start 1 -0.6) (end 1 0.6) (layer F.Fab) (width 0.1))
    (fp_line (start -1 -0.6) (end 1 -0.6) (layer F.Fab) (width 0.1))
    (fp_line (start -1 0.6) (end -1 -0.6) (layer F.Fab) (width 0.1))
    (pad 2 smd roundrect (at 1.025 0) (size 1.15 1.4) (layers Front F.Paste F.Mask) (roundrect_rratio 0.217391)
      (net 6 "Net-(C4-Pad1)"))
    (pad 1 smd roundrect (at -1.025 0) (size 1.15 1.4) (layers Front F.Paste F.Mask) (roundrect_rratio 0.217391)
      (net 5 "Net-(C1-Pad2)"))
    (model ${KISYS3DMOD}/Resistor_SMD.3dshapes/R_0805_2012Metric.wrl
      (at (xyz 0 0 0))
      (scale (xyz 1 1 1))
      (rotate (xyz 0 0 0))
    )
  )

  (module Resistor_SMD:R_0805_2012Metric_Pad1.15x1.40mm_HandSolder (layer Front) (tedit 5B36C52B) (tstamp 611E752B)
    (at 90.825 60.9724)
    (descr "Resistor SMD 0805 (2012 Metric), square (rectangular) end terminal, IPC_7351 nominal with elongated pad for handsoldering. (Body size source: https://docs.google.com/spreadsheets/d/1BsfQQcO9C6DZCsRaXUlFlo91Tg2WpOkGARC1WS5S8t0/edit?usp=sharing), generated with kicad-footprint-generator")
    (tags "resistor handsolder")
    (path /61207436)
    (attr smd)
    (fp_text reference R2 (at 0 -1.778) (layer F.SilkS)
      (effects (font (size 1 1) (thickness 0.15)))
    )
    (fp_text value 10K (at 0 1.65) (layer F.Fab)
      (effects (font (size 1 1) (thickness 0.15)))
    )
    (fp_line (start -1 0.6) (end -1 -0.6) (layer F.Fab) (width 0.1))
    (fp_line (start -1 -0.6) (end 1 -0.6) (layer F.Fab) (width 0.1))
    (fp_line (start 1 -0.6) (end 1 0.6) (layer F.Fab) (width 0.1))
    (fp_line (start 1 0.6) (end -1 0.6) (layer F.Fab) (width 0.1))
    (fp_line (start -0.261252 -0.71) (end 0.261252 -0.71) (layer F.SilkS) (width 0.12))
    (fp_line (start -0.261252 0.71) (end 0.261252 0.71) (layer F.SilkS) (width 0.12))
    (fp_line (start -1.85 0.95) (end -1.85 -0.95) (layer F.CrtYd) (width 0.05))
    (fp_line (start -1.85 -0.95) (end 1.85 -0.95) (layer F.CrtYd) (width 0.05))
    (fp_line (start 1.85 -0.95) (end 1.85 0.95) (layer F.CrtYd) (width 0.05))
    (fp_line (start 1.85 0.95) (end -1.85 0.95) (layer F.CrtYd) (width 0.05))
    (fp_text user %R (at 0 0) (layer F.Fab)
      (effects (font (size 0.5 0.5) (thickness 0.08)))
    )
    (pad 1 smd roundrect (at -1.025 0) (size 1.15 1.4) (layers Front F.Paste F.Mask) (roundrect_rratio 0.217391)
      (net 1 GND))
    (pad 2 smd roundrect (at 1.025 0) (size 1.15 1.4) (layers Front F.Paste F.Mask) (roundrect_rratio 0.217391)
      (net 5 "Net-(C1-Pad2)"))
    (model ${KISYS3DMOD}/Resistor_SMD.3dshapes/R_0805_2012Metric.wrl
      (at (xyz 0 0 0))
      (scale (xyz 1 1 1))
      (rotate (xyz 0 0 0))
    )
  )

  (module Resistor_SMD:R_0805_2012Metric_Pad1.15x1.40mm_HandSolder (layer Front) (tedit 5B36C52B) (tstamp 611E7417)
    (at 90.825 67.3224)
    (descr "Resistor SMD 0805 (2012 Metric), square (rectangular) end terminal, IPC_7351 nominal with elongated pad for handsoldering. (Body size source: https://docs.google.com/spreadsheets/d/1BsfQQcO9C6DZCsRaXUlFlo91Tg2WpOkGARC1WS5S8t0/edit?usp=sharing), generated with kicad-footprint-generator")
    (tags "resistor handsolder")
    (path /611F0C3E)
    (attr smd)
    (fp_text reference R3 (at 0 -1.65) (layer F.SilkS)
      (effects (font (size 1 1) (thickness 0.15)))
    )
    (fp_text value 1K (at 0 1.65) (layer F.Fab)
      (effects (font (size 1 1) (thickness 0.15)))
    )
    (fp_line (start -1 0.6) (end -1 -0.6) (layer F.Fab) (width 0.1))
    (fp_line (start -1 -0.6) (end 1 -0.6) (layer F.Fab) (width 0.1))
    (fp_line (start 1 -0.6) (end 1 0.6) (layer F.Fab) (width 0.1))
    (fp_line (start 1 0.6) (end -1 0.6) (layer F.Fab) (width 0.1))
    (fp_line (start -0.261252 -0.71) (end 0.261252 -0.71) (layer F.SilkS) (width 0.12))
    (fp_line (start -0.261252 0.71) (end 0.261252 0.71) (layer F.SilkS) (width 0.12))
    (fp_line (start -1.85 0.95) (end -1.85 -0.95) (layer F.CrtYd) (width 0.05))
    (fp_line (start -1.85 -0.95) (end 1.85 -0.95) (layer F.CrtYd) (width 0.05))
    (fp_line (start 1.85 -0.95) (end 1.85 0.95) (layer F.CrtYd) (width 0.05))
    (fp_line (start 1.85 0.95) (end -1.85 0.95) (layer F.CrtYd) (width 0.05))
    (fp_text user %R (at 0 0) (layer F.Fab)
      (effects (font (size 0.5 0.5) (thickness 0.08)))
    )
    (pad 1 smd roundrect (at -1.025 0) (size 1.15 1.4) (layers Front F.Paste F.Mask) (roundrect_rratio 0.217391)
      (net 1 GND))
    (pad 2 smd roundrect (at 1.025 0) (size 1.15 1.4) (layers Front F.Paste F.Mask) (roundrect_rratio 0.217391)
      (net 5 "Net-(C1-Pad2)"))
    (model ${KISYS3DMOD}/Resistor_SMD.3dshapes/R_0805_2012Metric.wrl
      (at (xyz 0 0 0))
      (scale (xyz 1 1 1))
      (rotate (xyz 0 0 0))
    )
  )

  (module Resistor_SMD:R_0805_2012Metric_Pad1.15x1.40mm_HandSolder (layer Front) (tedit 5B36C52B) (tstamp 611E73B4)
    (at 95.27 64.1474 180)
    (descr "Resistor SMD 0805 (2012 Metric), square (rectangular) end terminal, IPC_7351 nominal with elongated pad for handsoldering. (Body size source: https://docs.google.com/spreadsheets/d/1BsfQQcO9C6DZCsRaXUlFlo91Tg2WpOkGARC1WS5S8t0/edit?usp=sharing), generated with kicad-footprint-generator")
    (tags "resistor handsolder")
    (path /611EDE4C)
    (attr smd)
    (fp_text reference R4 (at 0 1.651) (layer F.SilkS)
      (effects (font (size 1 1) (thickness 0.15)))
    )
    (fp_text value 1K (at 0 1.65) (layer F.Fab)
      (effects (font (size 1 1) (thickness 0.15)))
    )
    (fp_text user %R (at 0 0) (layer F.Fab)
      (effects (font (size 0.5 0.5) (thickness 0.08)))
    )
    (fp_line (start 1.85 0.95) (end -1.85 0.95) (layer F.CrtYd) (width 0.05))
    (fp_line (start 1.85 -0.95) (end 1.85 0.95) (layer F.CrtYd) (width 0.05))
    (fp_line (start -1.85 -0.95) (end 1.85 -0.95) (layer F.CrtYd) (width 0.05))
    (fp_line (start -1.85 0.95) (end -1.85 -0.95) (layer F.CrtYd) (width 0.05))
    (fp_line (start -0.261252 0.71) (end 0.261252 0.71) (layer F.SilkS) (width 0.12))
    (fp_line (start -0.261252 -0.71) (end 0.261252 -0.71) (layer F.SilkS) (width 0.12))
    (fp_line (start 1 0.6) (end -1 0.6) (layer F.Fab) (width 0.1))
    (fp_line (start 1 -0.6) (end 1 0.6) (layer F.Fab) (width 0.1))
    (fp_line (start -1 -0.6) (end 1 -0.6) (layer F.Fab) (width 0.1))
    (fp_line (start -1 0.6) (end -1 -0.6) (layer F.Fab) (width 0.1))
    (pad 2 smd roundrect (at 1.025 0 180) (size 1.15 1.4) (layers Front F.Paste F.Mask) (roundrect_rratio 0.217391)
      (net 5 "Net-(C1-Pad2)"))
    (pad 1 smd roundrect (at -1.025 0 180) (size 1.15 1.4) (layers Front F.Paste F.Mask) (roundrect_rratio 0.217391)
      (net 8 "Net-(Q2-Pad2)"))
    (model ${KISYS3DMOD}/Resistor_SMD.3dshapes/R_0805_2012Metric.wrl
      (at (xyz 0 0 0))
      (scale (xyz 1 1 1))
      (rotate (xyz 0 0 0))
    )
  )

  (module Resistor_SMD:R_0805_2012Metric_Pad1.15x1.40mm_HandSolder (layer Front) (tedit 5B36C52B) (tstamp 611E7384)
    (at 94.508 84.5944 180)
    (descr "Resistor SMD 0805 (2012 Metric), square (rectangular) end terminal, IPC_7351 nominal with elongated pad for handsoldering. (Body size source: https://docs.google.com/spreadsheets/d/1BsfQQcO9C6DZCsRaXUlFlo91Tg2WpOkGARC1WS5S8t0/edit?usp=sharing), generated with kicad-footprint-generator")
    (tags "resistor handsolder")
    (path /611F2DAE)
    (attr smd)
    (fp_text reference R5 (at 0.254 -1.524) (layer F.SilkS)
      (effects (font (size 1 1) (thickness 0.15)))
    )
    (fp_text value 1K (at 0 1.65) (layer F.Fab)
      (effects (font (size 1 1) (thickness 0.15)))
    )
    (fp_text user %R (at 0 0) (layer F.Fab)
      (effects (font (size 0.5 0.5) (thickness 0.08)))
    )
    (fp_line (start 1.85 0.95) (end -1.85 0.95) (layer F.CrtYd) (width 0.05))
    (fp_line (start 1.85 -0.95) (end 1.85 0.95) (layer F.CrtYd) (width 0.05))
    (fp_line (start -1.85 -0.95) (end 1.85 -0.95) (layer F.CrtYd) (width 0.05))
    (fp_line (start -1.85 0.95) (end -1.85 -0.95) (layer F.CrtYd) (width 0.05))
    (fp_line (start -0.261252 0.71) (end 0.261252 0.71) (layer F.SilkS) (width 0.12))
    (fp_line (start -0.261252 -0.71) (end 0.261252 -0.71) (layer F.SilkS) (width 0.12))
    (fp_line (start 1 0.6) (end -1 0.6) (layer F.Fab) (width 0.1))
    (fp_line (start 1 -0.6) (end 1 0.6) (layer F.Fab) (width 0.1))
    (fp_line (start -1 -0.6) (end 1 -0.6) (layer F.Fab) (width 0.1))
    (fp_line (start -1 0.6) (end -1 -0.6) (layer F.Fab) (width 0.1))
    (pad 2 smd roundrect (at 1.025 0 180) (size 1.15 1.4) (layers Front F.Paste F.Mask) (roundrect_rratio 0.217391)
      (net 4 "Net-(C3-Pad2)"))
    (pad 1 smd roundrect (at -1.025 0 180) (size 1.15 1.4) (layers Front F.Paste F.Mask) (roundrect_rratio 0.217391)
      (net 1 GND))
    (model ${KISYS3DMOD}/Resistor_SMD.3dshapes/R_0805_2012Metric.wrl
      (at (xyz 0 0 0))
      (scale (xyz 1 1 1))
      (rotate (xyz 0 0 0))
    )
  )

  (module Resistor_SMD:R_0805_2012Metric_Pad1.15x1.40mm_HandSolder (layer Front) (tedit 5B36C52B) (tstamp 611E7354)
    (at 99.461 66.6874 90)
    (descr "Resistor SMD 0805 (2012 Metric), square (rectangular) end terminal, IPC_7351 nominal with elongated pad for handsoldering. (Body size source: https://docs.google.com/spreadsheets/d/1BsfQQcO9C6DZCsRaXUlFlo91Tg2WpOkGARC1WS5S8t0/edit?usp=sharing), generated with kicad-footprint-generator")
    (tags "resistor handsolder")
    (path /6121C688)
    (attr smd)
    (fp_text reference R6 (at 2.667 0 180) (layer F.SilkS)
      (effects (font (size 1 1) (thickness 0.15)))
    )
    (fp_text value 47 (at 0 1.65 90) (layer F.Fab)
      (effects (font (size 1 1) (thickness 0.15)))
    )
    (fp_line (start -1 0.6) (end -1 -0.6) (layer F.Fab) (width 0.1))
    (fp_line (start -1 -0.6) (end 1 -0.6) (layer F.Fab) (width 0.1))
    (fp_line (start 1 -0.6) (end 1 0.6) (layer F.Fab) (width 0.1))
    (fp_line (start 1 0.6) (end -1 0.6) (layer F.Fab) (width 0.1))
    (fp_line (start -0.261252 -0.71) (end 0.261252 -0.71) (layer F.SilkS) (width 0.12))
    (fp_line (start -0.261252 0.71) (end 0.261252 0.71) (layer F.SilkS) (width 0.12))
    (fp_line (start -1.85 0.95) (end -1.85 -0.95) (layer F.CrtYd) (width 0.05))
    (fp_line (start -1.85 -0.95) (end 1.85 -0.95) (layer F.CrtYd) (width 0.05))
    (fp_line (start 1.85 -0.95) (end 1.85 0.95) (layer F.CrtYd) (width 0.05))
    (fp_line (start 1.85 0.95) (end -1.85 0.95) (layer F.CrtYd) (width 0.05))
    (fp_text user %R (at 0 0 90) (layer F.Fab)
      (effects (font (size 0.5 0.5) (thickness 0.08)))
    )
    (pad 1 smd roundrect (at -1.025 0 90) (size 1.15 1.4) (layers Front F.Paste F.Mask) (roundrect_rratio 0.217391)
      (net 7 "Net-(J3-Pad1)"))
    (pad 2 smd roundrect (at 1.025 0 90) (size 1.15 1.4) (layers Front F.Paste F.Mask) (roundrect_rratio 0.217391)
      (net 6 "Net-(C4-Pad1)"))
    (model ${KISYS3DMOD}/Resistor_SMD.3dshapes/R_0805_2012Metric.wrl
      (at (xyz 0 0 0))
      (scale (xyz 1 1 1))
      (rotate (xyz 0 0 0))
    )
  )

  (module Connector_PinHeader_2.54mm:PinHeader_1x06_P2.54mm_Vertical (layer Front) (tedit 59FED5CC) (tstamp 611E7912)
    (at 90.19 71.0054)
    (descr "Through hole straight pin header, 1x06, 2.54mm pitch, single row")
    (tags "Through hole pin header THT 1x06 2.54mm single row")
    (path /6120BE07)
    (fp_text reference J2 (at 0.254 -1.905) (layer F.SilkS)
      (effects (font (size 1 1) (thickness 0.15)))
    )
    (fp_text value Conn_01x06 (at 0 15.03) (layer F.Fab)
      (effects (font (size 1 1) (thickness 0.15)))
    )
    (fp_line (start -0.635 -1.27) (end 1.27 -1.27) (layer F.Fab) (width 0.1))
    (fp_line (start 1.27 -1.27) (end 1.27 13.97) (layer F.Fab) (width 0.1))
    (fp_line (start 1.27 13.97) (end -1.27 13.97) (layer F.Fab) (width 0.1))
    (fp_line (start -1.27 13.97) (end -1.27 -0.635) (layer F.Fab) (width 0.1))
    (fp_line (start -1.27 -0.635) (end -0.635 -1.27) (layer F.Fab) (width 0.1))
    (fp_line (start -1.33 14.03) (end 1.33 14.03) (layer F.SilkS) (width 0.12))
    (fp_line (start -1.33 1.27) (end -1.33 14.03) (layer F.SilkS) (width 0.12))
    (fp_line (start 1.33 1.27) (end 1.33 14.03) (layer F.SilkS) (width 0.12))
    (fp_line (start -1.33 1.27) (end 1.33 1.27) (layer F.SilkS) (width 0.12))
    (fp_line (start -1.33 0) (end -1.33 -1.33) (layer F.SilkS) (width 0.12))
    (fp_line (start -1.33 -1.33) (end 0 -1.33) (layer F.SilkS) (width 0.12))
    (fp_line (start -1.8 -1.8) (end -1.8 14.5) (layer F.CrtYd) (width 0.05))
    (fp_line (start -1.8 14.5) (end 1.8 14.5) (layer F.CrtYd) (width 0.05))
    (fp_line (start 1.8 14.5) (end 1.8 -1.8) (layer F.CrtYd) (width 0.05))
    (fp_line (start 1.8 -1.8) (end -1.8 -1.8) (layer F.CrtYd) (width 0.05))
    (fp_text user %R (at 0 6.35 90) (layer F.Fab)
      (effects (font (size 1 1) (thickness 0.15)))
    )
    (pad 1 thru_hole rect (at 0 0) (size 1.7 1.7) (drill 1) (layers *.Cu *.Mask)
      (net 5 "Net-(C1-Pad2)"))
    (pad 2 thru_hole oval (at 0 2.54) (size 1.7 1.7) (drill 1) (layers *.Cu *.Mask)
      (net 1 GND))
    (pad 3 thru_hole oval (at 0 5.08) (size 1.7 1.7) (drill 1) (layers *.Cu *.Mask)
      (net 1 GND))
    (pad 4 thru_hole oval (at 0 7.62) (size 1.7 1.7) (drill 1) (layers *.Cu *.Mask)
      (net 1 GND))
    (pad 5 thru_hole oval (at 0 10.16) (size 1.7 1.7) (drill 1) (layers *.Cu *.Mask)
      (net 1 GND))
    (pad 6 thru_hole oval (at 0 12.7) (size 1.7 1.7) (drill 1) (layers *.Cu *.Mask)
      (net 1 GND))
    (model ${KISYS3DMOD}/Connector_PinSocket_2.54mm.3dshapes/PinSocket_1x06_P2.54mm_Vertical.wrl
      (at (xyz 0 0 0))
      (scale (xyz 1 1 1))
      (rotate (xyz 0 0 0))
    )
  )

  (dimension 31.115 (width 0.381) (layer Dwgs.User)
    (gr_text "1.2250 in" (at 116.613 72.0849 90) (layer Dwgs.User)
      (effects (font (size 1 1) (thickness 0.15)))
    )
    (feature1 (pts (xy 112.415 56.5274) (xy 115.668421 56.5274)))
    (feature2 (pts (xy 112.415 87.6424) (xy 115.668421 87.6424)))
    (crossbar (pts (xy 115.082 87.6424) (xy 115.082 56.5274)))
    (arrow1a (pts (xy 115.082 56.5274) (xy 115.668421 57.653904)))
    (arrow1b (pts (xy 115.082 56.5274) (xy 114.495579 57.653904)))
    (arrow2a (pts (xy 115.082 87.6424) (xy 115.668421 86.515896)))
    (arrow2b (pts (xy 115.082 87.6424) (xy 114.495579 86.515896)))
  )
  (dimension 24.765 (width 0.381) (layer Dwgs.User)
    (gr_text "0.9750 in" (at 100.0325 52.8374) (layer Dwgs.User)
      (effects (font (size 1 1) (thickness 0.15)))
    )
    (feature1 (pts (xy 112.415 56.5274) (xy 112.415 53.781979)))
    (feature2 (pts (xy 87.65 56.5274) (xy 87.65 53.781979)))
    (crossbar (pts (xy 87.65 54.3684) (xy 112.415 54.3684)))
    (arrow1a (pts (xy 112.415 54.3684) (xy 111.288496 54.954821)))
    (arrow1b (pts (xy 112.415 54.3684) (xy 111.288496 53.781979)))
    (arrow2a (pts (xy 87.65 54.3684) (xy 88.776504 54.954821)))
    (arrow2b (pts (xy 87.65 54.3684) (xy 88.776504 53.781979)))
  )
  (gr_line (start 87.65 87.6424) (end 87.65 56.5274) (layer Edge.Cuts) (width 0.381) (tstamp 611E8CE0))
  (gr_line (start 112.415 87.6424) (end 87.65 87.6424) (layer Edge.Cuts) (width 0.381))
  (gr_line (start 112.415 56.5274) (end 112.415 87.6424) (layer Edge.Cuts) (width 0.381))
  (gr_line (start 87.65 56.5274) (end 112.415 56.5274) (layer Edge.Cuts) (width 0.381))
  (gr_text "REV 1" (at 107.208 70.3704) (layer F.SilkS)
    (effects (font (size 2 2) (thickness 0.5)))
  )

  (via (at 108.605 86.3724) (size 0.889) (drill 0.635) (layers Front Back) (net 1))
  (via (at 97.175 86.3724) (size 1.397) (drill 0.889) (layers Front Back) (net 1))
  (via (at 96.54 58.4324) (size 1.397) (drill 0.889) (layers Front Back) (net 1))
  (via (at 93.365 58.4324) (size 0.889) (drill 0.635) (layers Front Back) (net 1))
  (via (at 110.129 58.1784) (size 0.889) (drill 0.635) (layers Front Back) (net 1))
  (via (at 104.922 70.1164) (size 0.889) (drill 0.635) (layers Front Back) (net 1))
  (via (at 89.555 58.4324) (size 0.889) (drill 0.635) (layers Front Back) (net 1))
  (via (at 90.19 86.3724) (size 0.889) (drill 0.635) (layers Front Back) (net 1))
  (segment (start 96.295 72.1394) (end 95.905 72.5294) (width 0.2032) (layer Front) (net 2))
  (segment (start 96.295 67.3224) (end 96.295 72.1394) (width 0.2032) (layer Front) (net 2))
  (segment (start 109.113 78.7524) (end 109.24 78.6254) (width 0.635) (layer Front) (net 3) (tstamp 611CC658) (status 30))
  (segment (start 99.207 78.7524) (end 109.113 78.7524) (width 0.635) (layer Front) (net 3) (tstamp 611CC65B) (status 30))
  (segment (start 95.533 82.3084) (end 98.064 82.3084) (width 0.2032) (layer Front) (net 3) (status 10))
  (segment (start 99.207 81.1654) (end 99.207 78.7524) (width 0.2032) (layer Front) (net 3) (status 20))
  (segment (start 98.064 82.3084) (end 99.207 81.1654) (width 0.2032) (layer Front) (net 3))
  (segment (start 93.483 82.3084) (end 93.483 84.5944) (width 0.2032) (layer Front) (net 4) (status 30))
  (segment (start 94.762 80.3294) (end 94.762 79.5144) (width 0.2032) (layer Front) (net 4) (status 20))
  (segment (start 93.483 81.6084) (end 94.762 80.3294) (width 0.2032) (layer Front) (net 4) (status 10))
  (segment (start 93.483 82.3084) (end 93.483 81.6084) (width 0.2032) (layer Front) (net 4) (status 30))
  (segment (start 94.245 60.9724) (end 91.85 60.9724) (width 0.2032) (layer Front) (net 5) (status 30))
  (segment (start 91.85 60.9724) (end 91.85 64.1474) (width 0.2032) (layer Front) (net 5) (status 30))
  (segment (start 91.85 64.1474) (end 94.245 64.1474) (width 0.2032) (layer Front) (net 5) (status 30))
  (segment (start 91.85 64.1474) (end 91.85 67.3224) (width 0.2032) (layer Front) (net 5) (status 30))
  (segment (start 91.85 67.3224) (end 94.245 67.3224) (width 0.2032) (layer Front) (net 5) (status 30))
  (segment (start 91.85 67.3224) (end 91.85 68.8374) (width 0.2032) (layer Front) (net 5) (status 10))
  (segment (start 91.85 68.8374) (end 91.46 69.2274) (width 0.2032) (layer Front) (net 5))
  (segment (start 91.46 69.2274) (end 90.825 69.2274) (width 0.2032) (layer Front) (net 5))
  (segment (start 90.19 69.8624) (end 90.19 71.0054) (width 0.2032) (layer Front) (net 5) (status 20))
  (segment (start 90.825 69.2274) (end 90.19 69.8624) (width 0.2032) (layer Front) (net 5))
  (segment (start 94.381 71.0054) (end 90.19 71.0054) (width 0.2032) (layer Front) (net 5) (status 30))
  (segment (start 94.635 71.2594) (end 94.381 71.0054) (width 0.2032) (layer Front) (net 5) (status 30))
  (segment (start 94.762 73.9264) (end 94.635 73.7994) (width 0.2032) (layer Back) (net 6) (status 30))
  (segment (start 94.762 76.9744) (end 94.762 73.9264) (width 0.2032) (layer Back) (net 6) (status 30))
  (segment (start 99.588 61.9974) (end 98.835 61.9974) (width 0.2032) (layer Front) (net 6) (status 10))
  (segment (start 94.635 73.7994) (end 97.683 73.7994) (width 0.2032) (layer Back) (net 6))
  (segment (start 97.683 73.7994) (end 98.064 73.4184) (width 0.2032) (layer Back) (net 6))
  (segment (start 98.064 65.484886) (end 97.712757 65.133643) (width 0.2032) (layer Back) (net 6))
  (segment (start 98.064 66.8144) (end 98.064 65.484886) (width 0.2032) (layer Back) (net 6))
  (via (at 97.712757 65.133643) (size 0.889) (drill 0.635) (layers Front Back) (net 6))
  (segment (start 98.064 73.4184) (end 98.064 66.8144) (width 0.2032) (layer Back) (net 6))
  (segment (start 97.712757 65.155057) (end 98.3561 65.7984) (width 0.2032) (layer Front) (net 6))
  (segment (start 97.712757 65.133643) (end 97.712757 65.155057) (width 0.2032) (layer Front) (net 6))
  (segment (start 99.325 65.7984) (end 99.461 65.6624) (width 0.2032) (layer Front) (net 6))
  (segment (start 98.3561 65.7984) (end 99.325 65.7984) (width 0.2032) (layer Front) (net 6))
  (segment (start 98.888 61.9974) (end 99.588 61.9974) (width 0.2032) (layer Front) (net 6))
  (segment (start 98.888 61.9974) (end 98.879 61.9884) (width 0.2032) (layer Front) (net 6))
