(kicad_pcb (version 20171130) (host pcbnew "(5.1.5)-3")

  (general
    (thickness 1.6002)
    (drawings 10)
    (tracks 68)
    (zones 0)
    (modules 22)
    (nets 13)
  )

  (page A)
  (title_block
    (title "CW FILTER")
    (date 2021-08-17)
    (rev 1)
    (company "Land Boards LLC")
  )

  (layers
    (0 Front signal)
    (31 Back signal)
    (36 B.SilkS user)
    (37 F.SilkS user)
    (38 B.Mask user)
    (39 F.Mask user)
    (40 Dwgs.User user)
    (44 Edge.Cuts user)
  )

  (setup
    (last_trace_width 0.2032)
    (user_trace_width 0.3048)
    (user_trace_width 0.381)
    (user_trace_width 0.635)
    (trace_clearance 0.254)
    (zone_clearance 0.254)
    (zone_45_only no)
    (trace_min 0.2032)
    (via_size 0.889)
    (via_drill 0.635)
    (via_min_size 0.889)
    (via_min_drill 0.508)
    (uvia_size 0.508)
    (uvia_drill 0.127)
    (uvias_allowed no)
    (uvia_min_size 0.508)
    (uvia_min_drill 0.127)
    (edge_width 0.381)
    (segment_width 0.381)
    (pcb_text_width 0.3048)
    (pcb_text_size 1.524 2.032)
    (mod_edge_width 0.381)
    (mod_text_size 1.524 1.524)
    (mod_text_width 0.3048)
    (pad_size 1.524 1.524)
    (pad_drill 0.8128)
    (pad_to_mask_clearance 0.254)
    (aux_axis_origin 147.32 73.8124)
    (grid_origin 0.02 0.0124)
    (visible_elements 7FFFEB7F)
    (pcbplotparams
      (layerselection 0x010f0_ffffffff)
      (usegerberextensions false)
      (usegerberattributes false)
      (usegerberadvancedattributes false)
      (creategerberjobfile false)
      (excludeedgelayer true)
      (linewidth 0.150000)
      (plotframeref false)
      (viasonmask false)
      (mode 1)
      (useauxorigin false)
      (hpglpennumber 1)
      (hpglpenspeed 20)
      (hpglpendiameter 15.000000)
      (psnegative false)
      (psa4output false)
      (plotreference true)
      (plotvalue true)
      (plotinvisibletext false)
      (padsonsilk false)
      (subtractmaskfromsilk false)
      (outputformat 1)
      (mirror false)
      (drillshape 0)
      (scaleselection 1)
      (outputdirectory "plots/"))
  )

  (net 0 "")
  (net 1 GND)
  (net 2 "Net-(C1-Pad1)")
  (net 3 "Net-(C7-Pad1)")
  (net 4 "Net-(C2-Pad1)")
  (net 5 "Net-(C3-Pad1)")
  (net 6 "Net-(C3-Pad2)")
  (net 7 "Net-(C5-Pad2)")
  (net 8 "Net-(C5-Pad1)")
  (net 9 "Net-(C7-Pad2)")
  (net 10 "Net-(C9-Pad1)")
  (net 11 "Net-(J1-Pad1)")
  (net 12 "Net-(J2-Pad1)")

  (net_class Default "This is the default net class."
    (clearance 0.254)
    (trace_width 0.2032)
    (via_dia 0.889)
    (via_drill 0.635)
    (uvia_dia 0.508)
    (uvia_drill 0.127)
    (add_net GND)
    (add_net "Net-(C1-Pad1)")
    (add_net "Net-(C2-Pad1)")
    (add_net "Net-(C3-Pad1)")
    (add_net "Net-(C3-Pad2)")
    (add_net "Net-(C5-Pad1)")
    (add_net "Net-(C5-Pad2)")
    (add_net "Net-(C7-Pad1)")
    (add_net "Net-(C7-Pad2)")
    (add_net "Net-(C9-Pad1)")
    (add_net "Net-(J1-Pad1)")
    (add_net "Net-(J2-Pad1)")
  )

  (module LandBoards_MountHoles:MTG-4-40 (layer Front) (tedit 58F7B603) (tstamp 58F7AD90)
    (at 90.571 52.7174)
    (path /58F7C073)
    (fp_text reference MTG4 (at -6.858 -0.635) (layer F.SilkS) hide
      (effects (font (size 1.651 1.651) (thickness 0.3048)))
    )
    (fp_text value MTG_HOLE (at 0 -5.08) (layer F.SilkS) hide
      (effects (font (size 1.524 1.524) (thickness 0.3048)))
    )
    (pad 1 thru_hole circle (at 0 0) (size 6.35 6.35) (drill 3.175) (layers *.Cu *.Mask F.SilkS))
  )

  (module LandBoards_Marking:TEST_BLK-REAR (layer Front) (tedit 553D0C6F) (tstamp 611BB1DD)
    (at 79.522 88.6584)
    (path /58F7BF02)
    (fp_text reference TESTED (at 0 -3.5) (layer B.SilkS)
      (effects (font (size 1.651 1.651) (thickness 0.3048)) (justify mirror))
    )
    (fp_text value COUPON (at 0 4) (layer F.SilkS) hide
      (effects (font (size 1.524 1.524) (thickness 0.3048)))
    )
    (fp_line (start -2 -2) (end 2 -2) (layer B.SilkS) (width 0.65))
    (fp_line (start 2 -2) (end 2 2) (layer B.SilkS) (width 0.65))
    (fp_line (start 2 2) (end -2 2) (layer B.SilkS) (width 0.65))
    (fp_line (start -2 2) (end -2 -2) (layer B.SilkS) (width 0.65))
    (fp_line (start -2 -2) (end -2 -1.5) (layer B.SilkS) (width 0.65))
    (fp_line (start -2 -1.5) (end 2 -1.5) (layer B.SilkS) (width 0.65))
    (fp_line (start 2 -1.5) (end 2 -1) (layer B.SilkS) (width 0.65))
    (fp_line (start 2 -1) (end -2 -1) (layer B.SilkS) (width 0.65))
    (fp_line (start -2 -1) (end -2 -0.5) (layer B.SilkS) (width 0.65))
    (fp_line (start -2 -0.5) (end 2 -0.5) (layer B.SilkS) (width 0.65))
    (fp_line (start 2 -0.5) (end 2 0) (layer B.SilkS) (width 0.65))
    (fp_line (start 2 0) (end -2 0) (layer B.SilkS) (width 0.65))
    (fp_line (start -2 0) (end -2 0.5) (layer B.SilkS) (width 0.65))
    (fp_line (start -2 0.5) (end 1.5 0.5) (layer B.SilkS) (width 0.65))
    (fp_line (start 1.5 0.5) (end 2 0.5) (layer B.SilkS) (width 0.65))
    (fp_line (start 2 0.5) (end 2 1) (layer B.SilkS) (width 0.65))
    (fp_line (start 2 1) (end -2 1) (layer B.SilkS) (width 0.65))
    (fp_line (start -2 1) (end -2 1.5) (layer B.SilkS) (width 0.65))
    (fp_line (start -2 1.5) (end 2 1.5) (layer B.SilkS) (width 0.65))
  )

  (module LandBoards_Conns:BNC-RT (layer Front) (tedit 5183D213) (tstamp 611C549C)
    (at 45.359 78.6254 90)
    (path /611D025E)
    (fp_text reference J1 (at 0.0254 2.8829 90) (layer F.SilkS)
      (effects (font (size 1.651 1.651) (thickness 0.3048)))
    )
    (fp_text value BNC (at -0.14986 6.2992 90) (layer F.SilkS) hide
      (effects (font (size 1.524 1.524) (thickness 0.3048)))
    )
    (fp_line (start -7.1882 1.1176) (end -7.1882 -13.08354) (layer F.SilkS) (width 0.381))
    (fp_line (start -7.19328 -13.07846) (end 7.20598 -13.07846) (layer F.SilkS) (width 0.381))
    (fp_line (start 7.21106 -13.08354) (end 7.21106 1.1176) (layer F.SilkS) (width 0.381))
    (fp_line (start -7.1882 1.13538) (end 7.21106 1.13538) (layer F.SilkS) (width 0.381))
    (pad 1 thru_hole circle (at 0 0 90) (size 1.5748 1.5748) (drill 0.889) (layers *.Cu *.Mask F.SilkS)
      (net 11 "Net-(J1-Pad1)"))
    (pad 2 thru_hole circle (at -2.54 0 90) (size 1.651 1.651) (drill 0.889) (layers *.Cu *.Mask F.SilkS)
      (net 1 GND))
    (pad "" thru_hole circle (at -5.08 -5.08 90) (size 2.54 2.54) (drill 2.00914) (layers *.Cu *.Mask F.SilkS))
    (pad "" thru_hole circle (at 5.08 -5.08 90) (size 2.54 2.54) (drill 2.00914) (layers *.Cu *.Mask F.SilkS))
  )

  (module LandBoards_Conns:BNC-RT (layer Front) (tedit 5183D213) (tstamp 611C54A8)
    (at 99.207 78.7524 270)
    (path /611D0E72)
    (fp_text reference J2 (at 0.0254 2.8829 90) (layer F.SilkS)
      (effects (font (size 1.651 1.651) (thickness 0.3048)))
    )
    (fp_text value BNC (at -0.14986 6.2992 90) (layer F.SilkS) hide
      (effects (font (size 1.524 1.524) (thickness 0.3048)))
    )
    (fp_line (start -7.1882 1.13538) (end 7.21106 1.13538) (layer F.SilkS) (width 0.381))
    (fp_line (start 7.21106 -13.08354) (end 7.21106 1.1176) (layer F.SilkS) (width 0.381))
    (fp_line (start -7.19328 -13.07846) (end 7.20598 -13.07846) (layer F.SilkS) (width 0.381))
    (fp_line (start -7.1882 1.1176) (end -7.1882 -13.08354) (layer F.SilkS) (width 0.381))
    (pad "" thru_hole circle (at 5.08 -5.08 270) (size 2.54 2.54) (drill 2.00914) (layers *.Cu *.Mask F.SilkS))
    (pad "" thru_hole circle (at -5.08 -5.08 270) (size 2.54 2.54) (drill 2.00914) (layers *.Cu *.Mask F.SilkS))
    (pad 2 thru_hole circle (at -2.54 0 270) (size 1.651 1.651) (drill 0.889) (layers *.Cu *.Mask F.SilkS)
      (net 1 GND))
    (pad 1 thru_hole circle (at 0 0 270) (size 1.5748 1.5748) (drill 0.889) (layers *.Cu *.Mask F.SilkS)
      (net 12 "Net-(J2-Pad1)"))
  )

  (module LandBoards_Conns:SMA_EDGE (layer Front) (tedit 516DB352) (tstamp 611C54B1)
    (at 35.326 78.7524)
    (path /611D0826)
    (fp_text reference P1 (at 4.445 -0.381 90) (layer F.SilkS)
      (effects (font (size 1.651 1.651) (thickness 0.3048)))
    )
    (fp_text value BNC (at 4.826 0.254 90) (layer F.SilkS) hide
      (effects (font (size 1.524 1.524) (thickness 0.3048)))
    )
    (pad 1 smd rect (at 0 0) (size 5.08 2.286) (layers Front F.Paste F.Mask)
      (net 11 "Net-(J1-Pad1)"))
    (pad 2 smd rect (at 0 -4.318) (size 5.08 2.413) (layers Front F.Paste F.Mask)
      (net 1 GND))
    (pad 2 smd rect (at 0 4.318) (size 5.08 2.413) (layers Front F.Paste F.Mask)
      (net 1 GND))
    (pad 2 smd rect (at 0 -4.318) (size 5.08 2.413) (layers Back B.Paste B.Mask)
      (net 1 GND))
    (pad 2 smd rect (at 0 4.318) (size 5.08 2.413) (layers Back B.Paste B.Mask)
      (net 1 GND))
  )

  (module LandBoards_Conns:SMA_EDGE (layer Front) (tedit 516DB352) (tstamp 611CC668)
    (at 109.494 78.7524)
    (path /611D0E7C)
    (fp_text reference P2 (at -4.318 0 90) (layer F.SilkS)
      (effects (font (size 1.651 1.651) (thickness 0.3048)))
    )
    (fp_text value BNC (at 4.826 0.254 90) (layer F.SilkS) hide
      (effects (font (size 1.524 1.524) (thickness 0.3048)))
    )
    (pad 2 smd rect (at 0 4.318) (size 5.08 2.413) (layers Back B.Paste B.Mask)
      (net 1 GND))
    (pad 2 smd rect (at 0 -4.318) (size 5.08 2.413) (layers Back B.Paste B.Mask)
      (net 1 GND))
    (pad 2 smd rect (at 0 4.318) (size 5.08 2.413) (layers Front F.Paste F.Mask)
      (net 1 GND))
    (pad 2 smd rect (at 0 -4.318) (size 5.08 2.413) (layers Front F.Paste F.Mask)
      (net 1 GND))
    (pad 1 smd rect (at 0 0) (size 5.08 2.286) (layers Front F.Paste F.Mask)
      (net 12 "Net-(J2-Pad1)"))
  )

  (module Crystal:Crystal_HC49-U_Horizontal (layer Front) (tedit 5A1AD3B8) (tstamp 611C54DD)
    (at 54.63 73.5454)
    (descr "Crystal THT HC-49/U http://5hertz.com/pdfs/04404_D.pdf")
    (tags "THT crystal")
    (path /611D3E36)
    (fp_text reference Y1 (at -4.699 9.779 90) (layer F.SilkS)
      (effects (font (size 1.651 1.651) (thickness 0.3048)))
    )
    (fp_text value 9.000 (at 9.275 3.3125 90) (layer F.Fab)
      (effects (font (size 1 1) (thickness 0.15)))
    )
    (fp_text user %R (at 2.5 6.5) (layer F.Fab)
      (effects (font (size 1.651 1.651) (thickness 0.3048)))
    )
    (fp_line (start -3 2) (end -3 15) (layer F.Fab) (width 0.1))
    (fp_line (start -3 15) (end 7.9 15) (layer F.Fab) (width 0.1))
    (fp_line (start 7.9 15) (end 7.9 2) (layer F.Fab) (width 0.1))
    (fp_line (start 7.9 2) (end -3 2) (layer F.Fab) (width 0.1))
    (fp_line (start 0 2) (end 0 1) (layer F.Fab) (width 0.1))
    (fp_line (start 0 1) (end 0 0) (layer F.Fab) (width 0.1))
    (fp_line (start 4.9 2) (end 4.9 1) (layer F.Fab) (width 0.1))
    (fp_line (start 4.9 1) (end 4.9 0) (layer F.Fab) (width 0.1))
    (fp_line (start -3.35 2) (end -3.35 1.9) (layer F.Fab) (width 0.1))
    (fp_line (start -3.35 1.9) (end 8.25 1.9) (layer F.Fab) (width 0.1))
    (fp_line (start 8.25 1.9) (end 8.25 2) (layer F.Fab) (width 0.1))
    (fp_line (start 8.25 2) (end -3.35 2) (layer F.Fab) (width 0.1))
    (fp_line (start -3.2 1.8) (end -3.2 15.2) (layer F.SilkS) (width 0.12))
    (fp_line (start -3.2 15.2) (end 8.1 15.2) (layer F.SilkS) (width 0.12))
    (fp_line (start 8.1 15.2) (end 8.1 1.8) (layer F.SilkS) (width 0.12))
    (fp_line (start 8.1 1.8) (end -3.2 1.8) (layer F.SilkS) (width 0.12))
    (fp_line (start 0 1.8) (end 0 0.95) (layer F.SilkS) (width 0.12))
    (fp_line (start 0 0.95) (end 0 0.95) (layer F.SilkS) (width 0.12))
    (fp_line (start 4.9 1.8) (end 4.9 0.95) (layer F.SilkS) (width 0.12))
    (fp_line (start 4.9 0.95) (end 4.9 0.95) (layer F.SilkS) (width 0.12))
    (fp_line (start -3.55 1.8) (end -3.55 1.68) (layer F.SilkS) (width 0.12))
    (fp_line (start -3.55 1.68) (end 8.45 1.68) (layer F.SilkS) (width 0.12))
    (fp_line (start 8.45 1.68) (end 8.45 1.8) (layer F.SilkS) (width 0.12))
    (fp_line (start 8.45 1.8) (end -3.55 1.8) (layer F.SilkS) (width 0.12))
    (fp_line (start -4.1 -1) (end -4.1 16.3) (layer F.CrtYd) (width 0.05))
    (fp_line (start -4.1 16.3) (end 9 16.3) (layer F.CrtYd) (width 0.05))
    (fp_line (start 9 16.3) (end 9 -1) (layer F.CrtYd) (width 0.05))
    (fp_line (start 9 -1) (end -4.1 -1) (layer F.CrtYd) (width 0.05))
    (pad 1 thru_hole circle (at 0 0) (size 1.5 1.5) (drill 0.8) (layers *.Cu *.Mask)
      (net 2 "Net-(C1-Pad1)"))
    (pad 2 thru_hole circle (at 4.9 0) (size 1.5 1.5) (drill 0.8) (layers *.Cu *.Mask)
      (net 4 "Net-(C2-Pad1)"))
    (model ${KISYS3DMOD}/Crystal.3dshapes/Crystal_HC49-U_Horizontal.wrl
      (at (xyz 0 0 0))
      (scale (xyz 1 1 1))
      (rotate (xyz 0 0 0))
    )
  )

  (module Crystal:Crystal_HC49-U_Horizontal (layer Front) (tedit 5A1AD3B8) (tstamp 611C5500)
    (at 65.552 64.5284 180)
    (descr "Crystal THT HC-49/U http://5hertz.com/pdfs/04404_D.pdf")
    (tags "THT crystal")
    (path /611E04EE)
    (fp_text reference Y2 (at -4.699 4.826 90) (layer F.SilkS)
      (effects (font (size 1.651 1.651) (thickness 0.3048)))
    )
    (fp_text value 9.000 (at 9.275 3.3125 90) (layer F.Fab)
      (effects (font (size 1 1) (thickness 0.15)))
    )
    (fp_text user %R (at 2.5 6.5) (layer F.Fab)
      (effects (font (size 1.651 1.651) (thickness 0.3048)))
    )
    (fp_line (start -3 2) (end -3 15) (layer F.Fab) (width 0.1))
    (fp_line (start -3 15) (end 7.9 15) (layer F.Fab) (width 0.1))
    (fp_line (start 7.9 15) (end 7.9 2) (layer F.Fab) (width 0.1))
    (fp_line (start 7.9 2) (end -3 2) (layer F.Fab) (width 0.1))
    (fp_line (start 0 2) (end 0 1) (layer F.Fab) (width 0.1))
    (fp_line (start 0 1) (end 0 0) (layer F.Fab) (width 0.1))
    (fp_line (start 4.9 2) (end 4.9 1) (layer F.Fab) (width 0.1))
    (fp_line (start 4.9 1) (end 4.9 0) (layer F.Fab) (width 0.1))
    (fp_line (start -3.35 2) (end -3.35 1.9) (layer F.Fab) (width 0.1))
    (fp_line (start -3.35 1.9) (end 8.25 1.9) (layer F.Fab) (width 0.1))
    (fp_line (start 8.25 1.9) (end 8.25 2) (layer F.Fab) (width 0.1))
    (fp_line (start 8.25 2) (end -3.35 2) (layer F.Fab) (width 0.1))
    (fp_line (start -3.2 1.8) (end -3.2 15.2) (layer F.SilkS) (width 0.12))
    (fp_line (start -3.2 15.2) (end 8.1 15.2) (layer F.SilkS) (width 0.12))
    (fp_line (start 8.1 15.2) (end 8.1 1.8) (layer F.SilkS) (width 0.12))
    (fp_line (start 8.1 1.8) (end -3.2 1.8) (layer F.SilkS) (width 0.12))
    (fp_line (start 0 1.8) (end 0 0.95) (layer F.SilkS) (width 0.12))
    (fp_line (start 0 0.95) (end 0 0.95) (layer F.SilkS) (width 0.12))
    (fp_line (start 4.9 1.8) (end 4.9 0.95) (layer F.SilkS) (width 0.12))
    (fp_line (start 4.9 0.95) (end 4.9 0.95) (layer F.SilkS) (width 0.12))
    (fp_line (start -3.55 1.8) (end -3.55 1.68) (layer F.SilkS) (width 0.12))
    (fp_line (start -3.55 1.68) (end 8.45 1.68) (layer F.SilkS) (width 0.12))
    (fp_line (start 8.45 1.68) (end 8.45 1.8) (layer F.SilkS) (width 0.12))
    (fp_line (start 8.45 1.8) (end -3.55 1.8) (layer F.SilkS) (width 0.12))
    (fp_line (start -4.1 -1) (end -4.1 16.3) (layer F.CrtYd) (width 0.05))
    (fp_line (start -4.1 16.3) (end 9 16.3) (layer F.CrtYd) (width 0.05))
    (fp_line (start 9 16.3) (end 9 -1) (layer F.CrtYd) (width 0.05))
    (fp_line (start 9 -1) (end -4.1 -1) (layer F.CrtYd) (width 0.05))
    (pad 1 thru_hole circle (at 0 0 180) (size 1.5 1.5) (drill 0.8) (layers *.Cu *.Mask)
      (net 5 "Net-(C3-Pad1)"))
    (pad 2 thru_hole circle (at 4.9 0 180) (size 1.5 1.5) (drill 0.8) (layers *.Cu *.Mask)
      (net 4 "Net-(C2-Pad1)"))
    (model ${KISYS3DMOD}/Crystal.3dshapes/Crystal_HC49-U_Horizontal.wrl
      (at (xyz 0 0 0))
      (scale (xyz 1 1 1))
      (rotate (xyz 0 0 0))
    )
  )

  (module Crystal:Crystal_HC49-U_Horizontal (layer Front) (tedit 5A1AD3B8) (tstamp 611C5523)
    (at 70.378 73.7994)
    (descr "Crystal THT HC-49/U http://5hertz.com/pdfs/04404_D.pdf")
    (tags "THT crystal")
    (path /611E2CF8)
    (fp_text reference Y3 (at -4.826 9.525 90) (layer F.SilkS)
      (effects (font (size 1.651 1.651) (thickness 0.3048)))
    )
    (fp_text value 9.000 (at 9.275 3.3125 90) (layer F.Fab)
      (effects (font (size 1 1) (thickness 0.15)))
    )
    (fp_line (start 9 -1) (end -4.1 -1) (layer F.CrtYd) (width 0.05))
    (fp_line (start 9 16.3) (end 9 -1) (layer F.CrtYd) (width 0.05))
    (fp_line (start -4.1 16.3) (end 9 16.3) (layer F.CrtYd) (width 0.05))
    (fp_line (start -4.1 -1) (end -4.1 16.3) (layer F.CrtYd) (width 0.05))
    (fp_line (start 8.45 1.8) (end -3.55 1.8) (layer F.SilkS) (width 0.12))
    (fp_line (start 8.45 1.68) (end 8.45 1.8) (layer F.SilkS) (width 0.12))
    (fp_line (start -3.55 1.68) (end 8.45 1.68) (layer F.SilkS) (width 0.12))
    (fp_line (start -3.55 1.8) (end -3.55 1.68) (layer F.SilkS) (width 0.12))
    (fp_line (start 4.9 0.95) (end 4.9 0.95) (layer F.SilkS) (width 0.12))
    (fp_line (start 4.9 1.8) (end 4.9 0.95) (layer F.SilkS) (width 0.12))
    (fp_line (start 0 0.95) (end 0 0.95) (layer F.SilkS) (width 0.12))
    (fp_line (start 0 1.8) (end 0 0.95) (layer F.SilkS) (width 0.12))
    (fp_line (start 8.1 1.8) (end -3.2 1.8) (layer F.SilkS) (width 0.12))
    (fp_line (start 8.1 15.2) (end 8.1 1.8) (layer F.SilkS) (width 0.12))
    (fp_line (start -3.2 15.2) (end 8.1 15.2) (layer F.SilkS) (width 0.12))
    (fp_line (start -3.2 1.8) (end -3.2 15.2) (layer F.SilkS) (width 0.12))
    (fp_line (start 8.25 2) (end -3.35 2) (layer F.Fab) (width 0.1))
    (fp_line (start 8.25 1.9) (end 8.25 2) (layer F.Fab) (width 0.1))
    (fp_line (start -3.35 1.9) (end 8.25 1.9) (layer F.Fab) (width 0.1))
    (fp_line (start -3.35 2) (end -3.35 1.9) (layer F.Fab) (width 0.1))
    (fp_line (start 4.9 1) (end 4.9 0) (layer F.Fab) (width 0.1))
    (fp_line (start 4.9 2) (end 4.9 1) (layer F.Fab) (width 0.1))
    (fp_line (start 0 1) (end 0 0) (layer F.Fab) (width 0.1))
    (fp_line (start 0 2) (end 0 1) (layer F.Fab) (width 0.1))
    (fp_line (start 7.9 2) (end -3 2) (layer F.Fab) (width 0.1))
    (fp_line (start 7.9 15) (end 7.9 2) (layer F.Fab) (width 0.1))
    (fp_line (start -3 15) (end 7.9 15) (layer F.Fab) (width 0.1))
    (fp_line (start -3 2) (end -3 15) (layer F.Fab) (width 0.1))
    (fp_text user %R (at 2.5 6.5) (layer F.Fab)
      (effects (font (size 1.651 1.651) (thickness 0.3048)))
    )
    (pad 2 thru_hole circle (at 4.9 0) (size 1.5 1.5) (drill 0.8) (layers *.Cu *.Mask)
      (net 8 "Net-(C5-Pad1)"))
    (pad 1 thru_hole circle (at 0 0) (size 1.5 1.5) (drill 0.8) (layers *.Cu *.Mask)
      (net 6 "Net-(C3-Pad2)"))
    (model ${KISYS3DMOD}/Crystal.3dshapes/Crystal_HC49-U_Horizontal.wrl
      (at (xyz 0 0 0))
      (scale (xyz 1 1 1))
      (rotate (xyz 0 0 0))
    )
  )

  (module Crystal:Crystal_HC49-U_Horizontal (layer Front) (tedit 5A1AD3B8) (tstamp 611C5546)
    (at 83.078 64.5284 180)
    (descr "Crystal THT HC-49/U http://5hertz.com/pdfs/04404_D.pdf")
    (tags "THT crystal")
    (path /611E6BBB)
    (fp_text reference Y4 (at -4.699 4.953 90) (layer F.SilkS)
      (effects (font (size 1.651 1.651) (thickness 0.3048)))
    )
    (fp_text value 9.000 (at 9.275 3.3125 90) (layer F.Fab)
      (effects (font (size 1 1) (thickness 0.15)))
    )
    (fp_text user %R (at 2.5 6.5) (layer F.Fab)
      (effects (font (size 1.651 1.651) (thickness 0.3048)))
    )
    (fp_line (start -3 2) (end -3 15) (layer F.Fab) (width 0.1))
    (fp_line (start -3 15) (end 7.9 15) (layer F.Fab) (width 0.1))
    (fp_line (start 7.9 15) (end 7.9 2) (layer F.Fab) (width 0.1))
    (fp_line (start 7.9 2) (end -3 2) (layer F.Fab) (width 0.1))
    (fp_line (start 0 2) (end 0 1) (layer F.Fab) (width 0.1))
    (fp_line (start 0 1) (end 0 0) (layer F.Fab) (width 0.1))
    (fp_line (start 4.9 2) (end 4.9 1) (layer F.Fab) (width 0.1))
    (fp_line (start 4.9 1) (end 4.9 0) (layer F.Fab) (width 0.1))
    (fp_line (start -3.35 2) (end -3.35 1.9) (layer F.Fab) (width 0.1))
    (fp_line (start -3.35 1.9) (end 8.25 1.9) (layer F.Fab) (width 0.1))
    (fp_line (start 8.25 1.9) (end 8.25 2) (layer F.Fab) (width 0.1))
    (fp_line (start 8.25 2) (end -3.35 2) (layer F.Fab) (width 0.1))
    (fp_line (start -3.2 1.8) (end -3.2 15.2) (layer F.SilkS) (width 0.12))
    (fp_line (start -3.2 15.2) (end 8.1 15.2) (layer F.SilkS) (width 0.12))
    (fp_line (start 8.1 15.2) (end 8.1 1.8) (layer F.SilkS) (width 0.12))
    (fp_line (start 8.1 1.8) (end -3.2 1.8) (layer F.SilkS) (width 0.12))
    (fp_line (start 0 1.8) (end 0 0.95) (layer F.SilkS) (width 0.12))
    (fp_line (start 0 0.95) (end 0 0.95) (layer F.SilkS) (width 0.12))
    (fp_line (start 4.9 1.8) (end 4.9 0.95) (layer F.SilkS) (width 0.12))
    (fp_line (start 4.9 0.95) (end 4.9 0.95) (layer F.SilkS) (width 0.12))
    (fp_line (start -3.55 1.8) (end -3.55 1.68) (layer F.SilkS) (width 0.12))
    (fp_line (start -3.55 1.68) (end 8.45 1.68) (layer F.SilkS) (width 0.12))
    (fp_line (start 8.45 1.68) (end 8.45 1.8) (layer F.SilkS) (width 0.12))
    (fp_line (start 8.45 1.8) (end -3.55 1.8) (layer F.SilkS) (width 0.12))
    (fp_line (start -4.1 -1) (end -4.1 16.3) (layer F.CrtYd) (width 0.05))
    (fp_line (start -4.1 16.3) (end 9 16.3) (layer F.CrtYd) (width 0.05))
    (fp_line (start 9 16.3) (end 9 -1) (layer F.CrtYd) (width 0.05))
    (fp_line (start 9 -1) (end -4.1 -1) (layer F.CrtYd) (width 0.05))
    (pad 1 thru_hole circle (at 0 0 180) (size 1.5 1.5) (drill 0.8) (layers *.Cu *.Mask)
      (net 3 "Net-(C7-Pad1)"))
    (pad 2 thru_hole circle (at 4.9 0 180) (size 1.5 1.5) (drill 0.8) (layers *.Cu *.Mask)
      (net 7 "Net-(C5-Pad2)"))
    (model ${KISYS3DMOD}/Crystal.3dshapes/Crystal_HC49-U_Horizontal.wrl
      (at (xyz 0 0 0))
      (scale (xyz 1 1 1))
      (rotate (xyz 0 0 0))
    )
  )

  (module Crystal:Crystal_HC49-U_Horizontal (layer Front) (tedit 5A1AD3B8) (tstamp 611C5569)
    (at 85.745 73.6724)
    (descr "Crystal THT HC-49/U http://5hertz.com/pdfs/04404_D.pdf")
    (tags "THT crystal")
    (path /611FB022)
    (fp_text reference Y5 (at -4.826 9.906 90) (layer F.SilkS)
      (effects (font (size 1.651 1.651) (thickness 0.3048)))
    )
    (fp_text value 9.000 (at 9.275 3.3125 90) (layer F.Fab)
      (effects (font (size 1 1) (thickness 0.15)))
    )
    (fp_line (start 9 -1) (end -4.1 -1) (layer F.CrtYd) (width 0.05))
    (fp_line (start 9 16.3) (end 9 -1) (layer F.CrtYd) (width 0.05))
    (fp_line (start -4.1 16.3) (end 9 16.3) (layer F.CrtYd) (width 0.05))
    (fp_line (start -4.1 -1) (end -4.1 16.3) (layer F.CrtYd) (width 0.05))
    (fp_line (start 8.45 1.8) (end -3.55 1.8) (layer F.SilkS) (width 0.12))
    (fp_line (start 8.45 1.68) (end 8.45 1.8) (layer F.SilkS) (width 0.12))
    (fp_line (start -3.55 1.68) (end 8.45 1.68) (layer F.SilkS) (width 0.12))
    (fp_line (start -3.55 1.8) (end -3.55 1.68) (layer F.SilkS) (width 0.12))
    (fp_line (start 4.9 0.95) (end 4.9 0.95) (layer F.SilkS) (width 0.12))
    (fp_line (start 4.9 1.8) (end 4.9 0.95) (layer F.SilkS) (width 0.12))
    (fp_line (start 0 0.95) (end 0 0.95) (layer F.SilkS) (width 0.12))
    (fp_line (start 0 1.8) (end 0 0.95) (layer F.SilkS) (width 0.12))
    (fp_line (start 8.1 1.8) (end -3.2 1.8) (layer F.SilkS) (width 0.12))
    (fp_line (start 8.1 15.2) (end 8.1 1.8) (layer F.SilkS) (width 0.12))
    (fp_line (start -3.2 15.2) (end 8.1 15.2) (layer F.SilkS) (width 0.12))
    (fp_line (start -3.2 1.8) (end -3.2 15.2) (layer F.SilkS) (width 0.12))
    (fp_line (start 8.25 2) (end -3.35 2) (layer F.Fab) (width 0.1))
    (fp_line (start 8.25 1.9) (end 8.25 2) (layer F.Fab) (width 0.1))
    (fp_line (start -3.35 1.9) (end 8.25 1.9) (layer F.Fab) (width 0.1))
    (fp_line (start -3.35 2) (end -3.35 1.9) (layer F.Fab) (width 0.1))
    (fp_line (start 4.9 1) (end 4.9 0) (layer F.Fab) (width 0.1))
    (fp_line (start 4.9 2) (end 4.9 1) (layer F.Fab) (width 0.1))
    (fp_line (start 0 1) (end 0 0) (layer F.Fab) (width 0.1))
    (fp_line (start 0 2) (end 0 1) (layer F.Fab) (width 0.1))
    (fp_line (start 7.9 2) (end -3 2) (layer F.Fab) (width 0.1))
    (fp_line (start 7.9 15) (end 7.9 2) (layer F.Fab) (width 0.1))
    (fp_line (start -3 15) (end 7.9 15) (layer F.Fab) (width 0.1))
    (fp_line (start -3 2) (end -3 15) (layer F.Fab) (width 0.1))
    (fp_text user %R (at 2.5 6.5) (layer F.Fab)
      (effects (font (size 1.651 1.651) (thickness 0.3048)))
    )
    (pad 2 thru_hole circle (at 4.9 0) (size 1.5 1.5) (drill 0.8) (layers *.Cu *.Mask)
      (net 10 "Net-(C9-Pad1)"))
    (pad 1 thru_hole circle (at 0 0) (size 1.5 1.5) (drill 0.8) (layers *.Cu *.Mask)
      (net 9 "Net-(C7-Pad2)"))
    (model ${KISYS3DMOD}/Crystal.3dshapes/Crystal_HC49-U_Horizontal.wrl
      (at (xyz 0 0 0))
      (scale (xyz 1 1 1))
      (rotate (xyz 0 0 0))
    )
  )

  (module LandBoards_Inductors:L_Toroid_Horizontal_4pIN (layer Front) (tedit 611C5230) (tstamp 611CC420)
    (at 35.453 58.3054)
    (descr "L_Toroid, Horizontal series, Radial, pin pitch=14.70mm, , diameter=16.8mm, Vishay, TJ3, http://www.vishay.com/docs/34079/tj.pdf")
    (tags "L_Toroid Horizontal series Radial pin pitch 14.70mm  diameter 16.8mm Vishay TJ3")
    (path /611D4C4B)
    (fp_text reference T1 (at 7.35 -9.65) (layer F.SilkS)
      (effects (font (size 1.651 1.651) (thickness 0.3048)))
    )
    (fp_text value Transformer_1P_1S (at 7.35 9.65) (layer F.Fab)
      (effects (font (size 1 1) (thickness 0.15)))
    )
    (fp_arc (start 7.35 0) (end -1.043974 -1.46) (angle 160.266022) (layer F.SilkS) (width 0.12))
    (fp_arc (start 7.35 0) (end -1.043974 1.46) (angle -160.266022) (layer F.SilkS) (width 0.12))
    (fp_circle (center 7.35 0) (end 15.75 0) (layer F.Fab) (width 0.1))
    (fp_circle (center 7.35 0) (end 10.15 0) (layer F.Fab) (width 0.1))
    (fp_circle (center 7.35 0) (end 10.03 0) (layer F.SilkS) (width 0.12))
    (fp_line (start 15.6996 0) (end 9.99046 0.707487) (layer F.Fab) (width 0.1))
    (fp_line (start 14.58103 4.174688) (end 9.282992 1.932902) (layer F.Fab) (width 0.1))
    (fp_line (start 11.525023 7.230837) (end 8.05761 2.640428) (layer F.Fab) (width 0.1))
    (fp_line (start 7.350387 8.3496) (end 6.642635 2.640493) (layer F.Fab) (width 0.1))
    (fp_line (start 3.175647 7.231224) (end 5.417187 1.933081) (layer F.Fab) (width 0.1))
    (fp_line (start 0.119357 4.175358) (end 4.709605 0.707732) (layer F.Fab) (width 0.1))
    (fp_line (start -0.9996 0.000774) (end 4.709474 -0.707243) (layer F.Fab) (width 0.1))
    (fp_line (start 0.118583 -4.174018) (end 5.416829 -1.932723) (layer F.Fab) (width 0.1))
    (fp_line (start 3.174307 -7.23045) (end 6.642146 -2.640362) (layer F.Fab) (width 0.1))
    (fp_line (start 7.34884 -8.3496) (end 8.05712 -2.640559) (layer F.Fab) (width 0.1))
    (fp_line (start 11.523683 -7.23161) (end 9.282634 -1.93326) (layer F.Fab) (width 0.1))
    (fp_line (start 14.580256 -4.176028) (end 9.990329 -0.707977) (layer F.Fab) (width 0.1))
    (fp_line (start 15.6996 -0.001547) (end 9.990591 0.706998) (layer F.Fab) (width 0.1))
    (fp_line (start -1.45 -8.65) (end -1.45 8.65) (layer F.CrtYd) (width 0.05))
    (fp_line (start -1.45 8.65) (end 16.15 8.65) (layer F.CrtYd) (width 0.05))
    (fp_line (start 16.15 8.65) (end 16.15 -8.65) (layer F.CrtYd) (width 0.05))
    (fp_line (start 16.15 -8.65) (end -1.45 -8.65) (layer F.CrtYd) (width 0.05))
    (fp_text user %R (at 7.35 0) (layer F.Fab)
      (effects (font (size 1.651 1.651) (thickness 0.3048)))
    )
    (pad 1 thru_hole circle (at 0 0) (size 2.4 2.4) (drill 1.2) (layers *.Cu *.Mask)
      (net 11 "Net-(J1-Pad1)"))
    (pad 4 thru_hole circle (at 14.7 0) (size 2.4 2.4) (drill 1.2) (layers *.Cu *.Mask)
      (net 2 "Net-(C1-Pad1)"))
    (pad 2 thru_hole circle (at 3.81 6.35) (size 2.4 2.4) (drill 1.2) (layers *.Cu *.Mask)
      (net 1 GND))
    (pad 3 thru_hole circle (at 12.7 5.08) (size 2.4 2.4) (drill 1.2) (layers *.Cu *.Mask)
      (net 11 "Net-(J1-Pad1)"))
    (model ${KISYS3DMOD}/Inductor_THT.3dshapes/L_Toroid_Horizontal_D16.8mm_P14.70mm_Vishay_TJ3.wrl
      (at (xyz 0 0 0))
      (scale (xyz 1 1 1))
      (rotate (xyz 0 0 0))
    )
  )

  (module LandBoards_Inductors:L_Toroid_Horizontal_4pIN (layer Front) (tedit 611C5230) (tstamp 611CC43E)
    (at 94.762 58.4324)
    (descr "L_Toroid, Horizontal series, Radial, pin pitch=14.70mm, , diameter=16.8mm, Vishay, TJ3, http://www.vishay.com/docs/34079/tj.pdf")
    (tags "L_Toroid Horizontal series Radial pin pitch 14.70mm  diameter 16.8mm Vishay TJ3")
    (path /611D5F38)
    (fp_text reference T2 (at 7.35 -9.65) (layer F.SilkS)
      (effects (font (size 1.651 1.651) (thickness 0.3048)))
    )
    (fp_text value Transformer_1P_1S (at 7.35 9.65) (layer F.Fab)
      (effects (font (size 1 1) (thickness 0.15)))
    )
    (fp_text user %R (at 7.35 0) (layer F.Fab)
      (effects (font (size 1.651 1.651) (thickness 0.3048)))
    )
    (fp_line (start 16.15 -8.65) (end -1.45 -8.65) (layer F.CrtYd) (width 0.05))
    (fp_line (start 16.15 8.65) (end 16.15 -8.65) (layer F.CrtYd) (width 0.05))
    (fp_line (start -1.45 8.65) (end 16.15 8.65) (layer F.CrtYd) (width 0.05))
    (fp_line (start -1.45 -8.65) (end -1.45 8.65) (layer F.CrtYd) (width 0.05))
    (fp_line (start 15.6996 -0.001547) (end 9.990591 0.706998) (layer F.Fab) (width 0.1))
    (fp_line (start 14.580256 -4.176028) (end 9.990329 -0.707977) (layer F.Fab) (width 0.1))
    (fp_line (start 11.523683 -7.23161) (end 9.282634 -1.93326) (layer F.Fab) (width 0.1))
    (fp_line (start 7.34884 -8.3496) (end 8.05712 -2.640559) (layer F.Fab) (width 0.1))
    (fp_line (start 3.174307 -7.23045) (end 6.642146 -2.640362) (layer F.Fab) (width 0.1))
    (fp_line (start 0.118583 -4.174018) (end 5.416829 -1.932723) (layer F.Fab) (width 0.1))
    (fp_line (start -0.9996 0.000774) (end 4.709474 -0.707243) (layer F.Fab) (width 0.1))
    (fp_line (start 0.119357 4.175358) (end 4.709605 0.707732) (layer F.Fab) (width 0.1))
    (fp_line (start 3.175647 7.231224) (end 5.417187 1.933081) (layer F.Fab) (width 0.1))
    (fp_line (start 7.350387 8.3496) (end 6.642635 2.640493) (layer F.Fab) (width 0.1))
    (fp_line (start 11.525023 7.230837) (end 8.05761 2.640428) (layer F.Fab) (width 0.1))
    (fp_line (start 14.58103 4.174688) (end 9.282992 1.932902) (layer F.Fab) (width 0.1))
    (fp_line (start 15.6996 0) (end 9.99046 0.707487) (layer F.Fab) (width 0.1))
    (fp_circle (center 7.35 0) (end 10.03 0) (layer F.SilkS) (width 0.12))
    (fp_circle (center 7.35 0) (end 10.15 0) (layer F.Fab) (width 0.1))
    (fp_circle (center 7.35 0) (end 15.75 0) (layer F.Fab) (width 0.1))
    (fp_arc (start 7.35 0) (end -1.043974 1.46) (angle -160.266022) (layer F.SilkS) (width 0.12))
    (fp_arc (start 7.35 0) (end -1.043974 -1.46) (angle 160.266022) (layer F.SilkS) (width 0.12))
    (pad 3 thru_hole circle (at 12.7 5.08) (size 2.4 2.4) (drill 1.2) (layers *.Cu *.Mask)
      (net 1 GND))
    (pad 2 thru_hole circle (at 3.81 6.35) (size 2.4 2.4) (drill 1.2) (layers *.Cu *.Mask)
      (net 12 "Net-(J2-Pad1)"))
    (pad 4 thru_hole circle (at 14.7 0) (size 2.4 2.4) (drill 1.2) (layers *.Cu *.Mask)
      (net 12 "Net-(J2-Pad1)"))
    (pad 1 thru_hole circle (at 0 0) (size 2.4 2.4) (drill 1.2) (layers *.Cu *.Mask)
      (net 10 "Net-(C9-Pad1)"))
    (model ${KISYS3DMOD}/Inductor_THT.3dshapes/L_Toroid_Horizontal_D16.8mm_P14.70mm_Vishay_TJ3.wrl
      (at (xyz 0 0 0))
      (scale (xyz 1 1 1))
      (rotate (xyz 0 0 0))
    )
  )

  (module Capacitor_SMD:C_0805_2012Metric_Pad1.15x1.40mm_HandSolder (layer Front) (tedit 5B36C52B) (tstamp 611CCE6D)
    (at 51.455 69.7354 180)
    (descr "Capacitor SMD 0805 (2012 Metric), square (rectangular) end terminal, IPC_7351 nominal with elongated pad for handsoldering. (Body size source: https://docs.google.com/spreadsheets/d/1BsfQQcO9C6DZCsRaXUlFlo91Tg2WpOkGARC1WS5S8t0/edit?usp=sharing), generated with kicad-footprint-generator")
    (tags "capacitor handsolder")
    (path /611E06D5)
    (attr smd)
    (fp_text reference C1 (at 0 2.159) (layer F.SilkS)
      (effects (font (size 1.651 1.651) (thickness 0.3048)))
    )
    (fp_text value 100pF (at 0 1.65) (layer F.Fab)
      (effects (font (size 1 1) (thickness 0.15)))
    )
    (fp_text user %R (at 0 0) (layer F.Fab)
      (effects (font (size 1.651 1.651) (thickness 0.3048)))
    )
    (fp_line (start 1.85 0.95) (end -1.85 0.95) (layer F.CrtYd) (width 0.05))
    (fp_line (start 1.85 -0.95) (end 1.85 0.95) (layer F.CrtYd) (width 0.05))
    (fp_line (start -1.85 -0.95) (end 1.85 -0.95) (layer F.CrtYd) (width 0.05))
    (fp_line (start -1.85 0.95) (end -1.85 -0.95) (layer F.CrtYd) (width 0.05))
    (fp_line (start -0.261252 0.71) (end 0.261252 0.71) (layer F.SilkS) (width 0.12))
    (fp_line (start -0.261252 -0.71) (end 0.261252 -0.71) (layer F.SilkS) (width 0.12))
    (fp_line (start 1 0.6) (end -1 0.6) (layer F.Fab) (width 0.1))
    (fp_line (start 1 -0.6) (end 1 0.6) (layer F.Fab) (width 0.1))
    (fp_line (start -1 -0.6) (end 1 -0.6) (layer F.Fab) (width 0.1))
    (fp_line (start -1 0.6) (end -1 -0.6) (layer F.Fab) (width 0.1))
    (pad 2 smd roundrect (at 1.025 0 180) (size 1.15 1.4) (layers Front F.Paste F.Mask) (roundrect_rratio 0.217391)
      (net 1 GND))
    (pad 1 smd roundrect (at -1.025 0 180) (size 1.15 1.4) (layers Front F.Paste F.Mask) (roundrect_rratio 0.217391)
      (net 2 "Net-(C1-Pad1)"))
    (model ${KISYS3DMOD}/Capacitor_SMD.3dshapes/C_0805_2012Metric.wrl
      (at (xyz 0 0 0))
      (scale (xyz 1 1 1))
      (rotate (xyz 0 0 0))
    )
  )

  (module Capacitor_SMD:C_0805_2012Metric_Pad1.15x1.40mm_HandSolder (layer Front) (tedit 5B36C52B) (tstamp 611CCE7D)
    (at 58.567 69.7354 180)
    (descr "Capacitor SMD 0805 (2012 Metric), square (rectangular) end terminal, IPC_7351 nominal with elongated pad for handsoldering. (Body size source: https://docs.google.com/spreadsheets/d/1BsfQQcO9C6DZCsRaXUlFlo91Tg2WpOkGARC1WS5S8t0/edit?usp=sharing), generated with kicad-footprint-generator")
    (tags "capacitor handsolder")
    (path /611E04E4)
    (attr smd)
    (fp_text reference C2 (at 0 2.286) (layer F.SilkS)
      (effects (font (size 1.651 1.651) (thickness 0.3048)))
    )
    (fp_text value 330 (at 0 1.65) (layer F.Fab)
      (effects (font (size 1 1) (thickness 0.15)))
    )
    (fp_line (start -1 0.6) (end -1 -0.6) (layer F.Fab) (width 0.1))
    (fp_line (start -1 -0.6) (end 1 -0.6) (layer F.Fab) (width 0.1))
    (fp_line (start 1 -0.6) (end 1 0.6) (layer F.Fab) (width 0.1))
    (fp_line (start 1 0.6) (end -1 0.6) (layer F.Fab) (width 0.1))
    (fp_line (start -0.261252 -0.71) (end 0.261252 -0.71) (layer F.SilkS) (width 0.12))
    (fp_line (start -0.261252 0.71) (end 0.261252 0.71) (layer F.SilkS) (width 0.12))
    (fp_line (start -1.85 0.95) (end -1.85 -0.95) (layer F.CrtYd) (width 0.05))
    (fp_line (start -1.85 -0.95) (end 1.85 -0.95) (layer F.CrtYd) (width 0.05))
    (fp_line (start 1.85 -0.95) (end 1.85 0.95) (layer F.CrtYd) (width 0.05))
    (fp_line (start 1.85 0.95) (end -1.85 0.95) (layer F.CrtYd) (width 0.05))
    (fp_text user %R (at 0 0) (layer F.Fab)
      (effects (font (size 1.651 1.651) (thickness 0.3048)))
    )
    (pad 1 smd roundrect (at -1.025 0 180) (size 1.15 1.4) (layers Front F.Paste F.Mask) (roundrect_rratio 0.217391)
      (net 4 "Net-(C2-Pad1)"))
    (pad 2 smd roundrect (at 1.025 0 180) (size 1.15 1.4) (layers Front F.Paste F.Mask) (roundrect_rratio 0.217391)
      (net 1 GND))
    (model ${KISYS3DMOD}/Capacitor_SMD.3dshapes/C_0805_2012Metric.wrl
      (at (xyz 0 0 0))
      (scale (xyz 1 1 1))
      (rotate (xyz 0 0 0))
    )
  )

  (module Capacitor_SMD:C_0805_2012Metric_Pad1.15x1.40mm_HandSolder (layer Front) (tedit 5B36C52B) (tstamp 611CCE8D)
    (at 66.568 69.9894)
    (descr "Capacitor SMD 0805 (2012 Metric), square (rectangular) end terminal, IPC_7351 nominal with elongated pad for handsoldering. (Body size source: https://docs.google.com/spreadsheets/d/1BsfQQcO9C6DZCsRaXUlFlo91Tg2WpOkGARC1WS5S8t0/edit?usp=sharing), generated with kicad-footprint-generator")
    (tags "capacitor handsolder")
    (path /611E4265)
    (attr smd)
    (fp_text reference C3 (at -0.254 -2.159) (layer F.SilkS)
      (effects (font (size 1.651 1.651) (thickness 0.3048)))
    )
    (fp_text value 270 (at 0 1.65) (layer F.Fab)
      (effects (font (size 1 1) (thickness 0.15)))
    )
    (fp_text user %R (at 0 0) (layer F.Fab)
      (effects (font (size 1.651 1.651) (thickness 0.3048)))
    )
    (fp_line (start 1.85 0.95) (end -1.85 0.95) (layer F.CrtYd) (width 0.05))
    (fp_line (start 1.85 -0.95) (end 1.85 0.95) (layer F.CrtYd) (width 0.05))
    (fp_line (start -1.85 -0.95) (end 1.85 -0.95) (layer F.CrtYd) (width 0.05))
    (fp_line (start -1.85 0.95) (end -1.85 -0.95) (layer F.CrtYd) (width 0.05))
    (fp_line (start -0.261252 0.71) (end 0.261252 0.71) (layer F.SilkS) (width 0.12))
    (fp_line (start -0.261252 -0.71) (end 0.261252 -0.71) (layer F.SilkS) (width 0.12))
    (fp_line (start 1 0.6) (end -1 0.6) (layer F.Fab) (width 0.1))
    (fp_line (start 1 -0.6) (end 1 0.6) (layer F.Fab) (width 0.1))
    (fp_line (start -1 -0.6) (end 1 -0.6) (layer F.Fab) (width 0.1))
    (fp_line (start -1 0.6) (end -1 -0.6) (layer F.Fab) (width 0.1))
    (pad 2 smd roundrect (at 1.025 0) (size 1.15 1.4) (layers Front F.Paste F.Mask) (roundrect_rratio 0.217391)
      (net 6 "Net-(C3-Pad2)"))
    (pad 1 smd roundrect (at -1.025 0) (size 1.15 1.4) (layers Front F.Paste F.Mask) (roundrect_rratio 0.217391)
      (net 5 "Net-(C3-Pad1)"))
    (model ${KISYS3DMOD}/Capacitor_SMD.3dshapes/C_0805_2012Metric.wrl
      (at (xyz 0 0 0))
      (scale (xyz 1 1 1))
      (rotate (xyz 0 0 0))
    )
  )

  (module Capacitor_SMD:C_0805_2012Metric_Pad1.15x1.40mm_HandSolder (layer Front) (tedit 5B36C52B) (tstamp 611CCE9D)
    (at 70.886 68.8464 90)
    (descr "Capacitor SMD 0805 (2012 Metric), square (rectangular) end terminal, IPC_7351 nominal with elongated pad for handsoldering. (Body size source: https://docs.google.com/spreadsheets/d/1BsfQQcO9C6DZCsRaXUlFlo91Tg2WpOkGARC1WS5S8t0/edit?usp=sharing), generated with kicad-footprint-generator")
    (tags "capacitor handsolder")
    (path /611E2CEE)
    (attr smd)
    (fp_text reference C4 (at 3.175 -0.127 180) (layer F.SilkS)
      (effects (font (size 1.651 1.651) (thickness 0.3048)))
    )
    (fp_text value 680 (at 0 1.65 90) (layer F.Fab)
      (effects (font (size 1 1) (thickness 0.15)))
    )
    (fp_line (start -1 0.6) (end -1 -0.6) (layer F.Fab) (width 0.1))
    (fp_line (start -1 -0.6) (end 1 -0.6) (layer F.Fab) (width 0.1))
    (fp_line (start 1 -0.6) (end 1 0.6) (layer F.Fab) (width 0.1))
    (fp_line (start 1 0.6) (end -1 0.6) (layer F.Fab) (width 0.1))
    (fp_line (start -0.261252 -0.71) (end 0.261252 -0.71) (layer F.SilkS) (width 0.12))
    (fp_line (start -0.261252 0.71) (end 0.261252 0.71) (layer F.SilkS) (width 0.12))
    (fp_line (start -1.85 0.95) (end -1.85 -0.95) (layer F.CrtYd) (width 0.05))
    (fp_line (start -1.85 -0.95) (end 1.85 -0.95) (layer F.CrtYd) (width 0.05))
    (fp_line (start 1.85 -0.95) (end 1.85 0.95) (layer F.CrtYd) (width 0.05))
    (fp_line (start 1.85 0.95) (end -1.85 0.95) (layer F.CrtYd) (width 0.05))
    (fp_text user %R (at 0 0 90) (layer F.Fab)
      (effects (font (size 1.651 1.651) (thickness 0.3048)))
    )
    (pad 1 smd roundrect (at -1.025 0 90) (size 1.15 1.4) (layers Front F.Paste F.Mask) (roundrect_rratio 0.217391)
      (net 6 "Net-(C3-Pad2)"))
    (pad 2 smd roundrect (at 1.025 0 90) (size 1.15 1.4) (layers Front F.Paste F.Mask) (roundrect_rratio 0.217391)
      (net 1 GND))
    (model ${KISYS3DMOD}/Capacitor_SMD.3dshapes/C_0805_2012Metric.wrl
      (at (xyz 0 0 0))
      (scale (xyz 1 1 1))
      (rotate (xyz 0 0 0))
    )
  )

  (module Capacitor_SMD:C_0805_2012Metric_Pad1.15x1.40mm_HandSolder (layer Front) (tedit 5B36C52B) (tstamp 611CCEAD)
    (at 76.347 70.2434)
    (descr "Capacitor SMD 0805 (2012 Metric), square (rectangular) end terminal, IPC_7351 nominal with elongated pad for handsoldering. (Body size source: https://docs.google.com/spreadsheets/d/1BsfQQcO9C6DZCsRaXUlFlo91Tg2WpOkGARC1WS5S8t0/edit?usp=sharing), generated with kicad-footprint-generator")
    (tags "capacitor handsolder")
    (path /611E6BB1)
    (attr smd)
    (fp_text reference C5 (at 2.032 2.286) (layer F.SilkS)
      (effects (font (size 1.651 1.651) (thickness 0.3048)))
    )
    (fp_text value 200 (at 0 1.65) (layer F.Fab)
      (effects (font (size 1 1) (thickness 0.15)))
    )
