(kicad_pcb (version 20171130) (host pcbnew "(5.1.5)-3")

  (general
    (thickness 1.6)
    (drawings 35)
    (tracks 1020)
    (zones 0)
    (modules 115)
    (nets 107)
  )

  (page B)
  (title_block
    (title "8-Channel Opto-Isolated Output I2C")
    (rev X1)
    (company land-boards.com)
  )

  (layers
    (0 F.Cu signal)
    (31 B.Cu signal)
    (36 B.SilkS user)
    (37 F.SilkS user)
    (38 B.Mask user)
    (39 F.Mask user)
    (42 Eco1.User user hide)
    (44 Edge.Cuts user)
    (45 Margin user)
    (46 B.CrtYd user hide)
    (47 F.CrtYd user hide)
    (48 B.Fab user hide)
    (49 F.Fab user hide)
  )

  (setup
    (last_trace_width 0.1524)
    (user_trace_width 0.1524)
    (trace_clearance 0.1524)
    (zone_clearance 0.254)
    (zone_45_only no)
    (trace_min 0.1524)
    (via_size 0.889)
    (via_drill 0.635)
    (via_min_size 0.889)
    (via_min_drill 0.508)
    (uvia_size 0.508)
    (uvia_drill 0.127)
    (uvias_allowed no)
    (uvia_min_size 0.508)
    (uvia_min_drill 0.127)
    (edge_width 0.1)
    (segment_width 0.2)
    (pcb_text_width 0.3)
    (pcb_text_size 1.5 1.5)
    (mod_edge_width 0.15)
    (mod_text_size 1.27 1.27)
    (mod_text_width 0.3175)
    (pad_size 1 1)
    (pad_drill 0)
    (pad_to_mask_clearance 0)
    (solder_mask_min_width 0.25)
    (aux_axis_origin 0 0)
    (visible_elements 7FFFFF7F)
    (pcbplotparams
      (layerselection 0x010f0_ffffffff)
      (usegerberextensions true)
      (usegerberattributes false)
      (usegerberadvancedattributes false)
      (creategerberjobfile false)
      (excludeedgelayer true)
      (linewidth 0.150000)
      (plotframeref false)
      (viasonmask false)
      (mode 1)
      (useauxorigin false)
      (hpglpennumber 1)
      (hpglpenspeed 20)
      (hpglpendiameter 15.000000)
      (psnegative false)
      (psa4output false)
      (plotreference true)
      (plotvalue true)
      (plotinvisibletext false)
      (padsonsilk false)
      (subtractmaskfromsilk false)
      (outputformat 1)
      (mirror false)
      (drillshape 0)
      (scaleselection 1)
      (outputdirectory "plots/"))
  )

  (net 0 "")
  (net 1 /A2)
  (net 2 /SCL)
  (net 3 /SDA)
  (net 4 GND)
  (net 5 "Net-(DS1-Pad2)")
  (net 6 "Net-(DS2-Pad2)")
  (net 7 "Net-(DS3-Pad2)")
  (net 8 "Net-(DS4-Pad2)")
  (net 9 "Net-(DS5-Pad2)")
  (net 10 "Net-(DS6-Pad2)")
  (net 11 "Net-(DS7-Pad2)")
  (net 12 "Net-(DS8-Pad2)")
  (net 13 "Net-(DS9-Pad2)")
  (net 14 "Net-(DS10-Pad2)")
  (net 15 "Net-(DS11-Pad2)")
  (net 16 "Net-(DS12-Pad2)")
  (net 17 "Net-(DS13-Pad2)")
  (net 18 "Net-(DS14-Pad2)")
  (net 19 "Net-(DS15-Pad2)")
  (net 20 "Net-(DS16-Pad2)")
  (net 21 "Net-(DS17-Pad2)")
  (net 22 "Net-(DS18-Pad2)")
  (net 23 "Net-(DS19-Pad2)")
  (net 24 "Net-(DS20-Pad2)")
  (net 25 "Net-(DS21-Pad2)")
  (net 26 "Net-(DS22-Pad2)")
  (net 27 "Net-(DS23-Pad2)")
  (net 28 "Net-(DS24-Pad2)")
  (net 29 "Net-(DS25-Pad2)")
  (net 30 "Net-(DS26-Pad2)")
  (net 31 "Net-(DS27-Pad2)")
  (net 32 "Net-(DS28-Pad2)")
  (net 33 "Net-(DS29-Pad2)")
  (net 34 "Net-(DS30-Pad2)")
  (net 35 "Net-(DS31-Pad2)")
  (net 36 "Net-(DS32-Pad2)")
  (net 37 +5V)
  (net 38 /PUPINT)
  (net 39 /PUPRST)
  (net 40 "Net-(R5-Pad2)")
  (net 41 /PUPADR)
  (net 42 "Net-(R8-Pad2)")
  (net 43 "Net-(R9-Pad2)")
  (net 44 "Net-(R10-Pad2)")
  (net 45 "Net-(R11-Pad2)")
  (net 46 "Net-(R12-Pad2)")
  (net 47 "Net-(R13-Pad2)")
  (net 48 "Net-(R14-Pad2)")
  (net 49 "Net-(R15-Pad2)")
  (net 50 "Net-(R16-Pad2)")
  (net 51 "Net-(R17-Pad2)")
  (net 52 "Net-(R18-Pad2)")
  (net 53 "Net-(R19-Pad2)")
  (net 54 "Net-(R20-Pad2)")
  (net 55 "Net-(R21-Pad2)")
  (net 56 "Net-(R22-Pad2)")
  (net 57 "Net-(R23-Pad2)")
  (net 58 "Net-(R24-Pad2)")
  (net 59 "Net-(R25-Pad2)")
  (net 60 "Net-(R26-Pad2)")
  (net 61 "Net-(R27-Pad2)")
  (net 62 "Net-(R28-Pad2)")
  (net 63 "Net-(R29-Pad2)")
  (net 64 "Net-(R30-Pad2)")
  (net 65 "Net-(R31-Pad2)")
  (net 66 "Net-(R32-Pad2)")
  (net 67 "Net-(R33-Pad2)")
  (net 68 "Net-(R34-Pad2)")
  (net 69 "Net-(R35-Pad2)")
  (net 70 "Net-(R36-Pad2)")
  (net 71 "Net-(R37-Pad2)")
  (net 72 "Net-(R38-Pad2)")
  (net 73 "Net-(J6-Pad1)")
  (net 74 "Net-(J6-Pad3)")
  (net 75 /S1D7)
  (net 76 /S1D6)
  (net 77 /S1D5)
  (net 78 /S1D4)
  (net 79 /S1D3)
  (net 80 /S1D2)
  (net 81 /S1D1)
  (net 82 /S1D0)
  (net 83 /S2D7)
  (net 84 /S2D6)
  (net 85 /S2D5)
  (net 86 /S2D4)
  (net 87 /S2D3)
  (net 88 /S2D2)
  (net 89 /S2D1)
  (net 90 /S2D0)
  (net 91 /S3D7)
  (net 92 /S3D6)
  (net 93 /S3D5)
  (net 94 /S3D4)
  (net 95 /S3D3)
  (net 96 /S3D2)
  (net 97 /S3D1)
  (net 98 /S3D0)
  (net 99 /S4D7)
  (net 100 /S4D6)
  (net 101 /S4D5)
  (net 102 /S4D4)
  (net 103 /S4D3)
  (net 104 /S4D2)
  (net 105 /S4D1)
  (net 106 /S4D0)

  (net_class Default "This is the default net class."
    (clearance 0.1524)
    (trace_width 0.1524)
    (via_dia 0.889)
    (via_drill 0.635)
    (uvia_dia 0.508)
    (uvia_drill 0.127)
    (add_net +5V)
    (add_net /A2)
    (add_net /PUPADR)
    (add_net /PUPINT)
    (add_net /PUPRST)
    (add_net /S1D0)
    (add_net /S1D1)
    (add_net /S1D2)
    (add_net /S1D3)
    (add_net /S1D4)
    (add_net /S1D5)
    (add_net /S1D6)
    (add_net /S1D7)
    (add_net /S2D0)
    (add_net /S2D1)
    (add_net /S2D2)
    (add_net /S2D3)
    (add_net /S2D4)
    (add_net /S2D5)
    (add_net /S2D6)
    (add_net /S2D7)
    (add_net /S3D0)
    (add_net /S3D1)
    (add_net /S3D2)
    (add_net /S3D3)
    (add_net /S3D4)
    (add_net /S3D5)
    (add_net /S3D6)
    (add_net /S3D7)
    (add_net /S4D0)
    (add_net /S4D1)
    (add_net /S4D2)
    (add_net /S4D3)
    (add_net /S4D4)
    (add_net /S4D5)
    (add_net /S4D6)
    (add_net /S4D7)
    (add_net /SCL)
    (add_net /SDA)
    (add_net GND)
    (add_net "Net-(DS1-Pad2)")
    (add_net "Net-(DS10-Pad2)")
    (add_net "Net-(DS11-Pad2)")
    (add_net "Net-(DS12-Pad2)")
    (add_net "Net-(DS13-Pad2)")
    (add_net "Net-(DS14-Pad2)")
    (add_net "Net-(DS15-Pad2)")
    (add_net "Net-(DS16-Pad2)")
    (add_net "Net-(DS17-Pad2)")
    (add_net "Net-(DS18-Pad2)")
    (add_net "Net-(DS19-Pad2)")
    (add_net "Net-(DS2-Pad2)")
    (add_net "Net-(DS20-Pad2)")
    (add_net "Net-(DS21-Pad2)")
    (add_net "Net-(DS22-Pad2)")
    (add_net "Net-(DS23-Pad2)")
    (add_net "Net-(DS24-Pad2)")
    (add_net "Net-(DS25-Pad2)")
    (add_net "Net-(DS26-Pad2)")
    (add_net "Net-(DS27-Pad2)")
    (add_net "Net-(DS28-Pad2)")
    (add_net "Net-(DS29-Pad2)")
    (add_net "Net-(DS3-Pad2)")
    (add_net "Net-(DS30-Pad2)")
    (add_net "Net-(DS31-Pad2)")
    (add_net "Net-(DS32-Pad2)")
    (add_net "Net-(DS4-Pad2)")
    (add_net "Net-(DS5-Pad2)")
    (add_net "Net-(DS6-Pad2)")
    (add_net "Net-(DS7-Pad2)")
    (add_net "Net-(DS8-Pad2)")
    (add_net "Net-(DS9-Pad2)")
    (add_net "Net-(J6-Pad1)")
    (add_net "Net-(J6-Pad3)")
    (add_net "Net-(R10-Pad2)")
    (add_net "Net-(R11-Pad2)")
    (add_net "Net-(R12-Pad2)")
    (add_net "Net-(R13-Pad2)")
    (add_net "Net-(R14-Pad2)")
    (add_net "Net-(R15-Pad2)")
    (add_net "Net-(R16-Pad2)")
    (add_net "Net-(R17-Pad2)")
    (add_net "Net-(R18-Pad2)")
    (add_net "Net-(R19-Pad2)")
    (add_net "Net-(R20-Pad2)")
    (add_net "Net-(R21-Pad2)")
    (add_net "Net-(R22-Pad2)")
    (add_net "Net-(R23-Pad2)")
    (add_net "Net-(R24-Pad2)")
    (add_net "Net-(R25-Pad2)")
    (add_net "Net-(R26-Pad2)")
    (add_net "Net-(R27-Pad2)")
    (add_net "Net-(R28-Pad2)")
    (add_net "Net-(R29-Pad2)")
    (add_net "Net-(R30-Pad2)")
    (add_net "Net-(R31-Pad2)")
    (add_net "Net-(R32-Pad2)")
    (add_net "Net-(R33-Pad2)")
    (add_net "Net-(R34-Pad2)")
    (add_net "Net-(R35-Pad2)")
    (add_net "Net-(R36-Pad2)")
    (add_net "Net-(R37-Pad2)")
    (add_net "Net-(R38-Pad2)")
    (add_net "Net-(R5-Pad2)")
    (add_net "Net-(R8-Pad2)")
    (add_net "Net-(R9-Pad2)")
  )

  (module Package_DIP:DIP-28_W7.62mm_LongPads (layer F.Cu) (tedit 5A02E8C5) (tstamp 60CA4DF9)
    (at 12.7 59.436)
    (descr "28-lead though-hole mounted DIP package, row spacing 7.62 mm (300 mils), LongPads")
    (tags "THT DIP DIL PDIP 2.54mm 7.62mm 300mil LongPads")
    (path /5DC44742)
    (fp_text reference U1 (at 10.16 -1.016) (layer F.SilkS)
      (effects (font (size 1 1) (thickness 0.15)))
    )
    (fp_text value MCP23017-E/SS (at 3.81 35.35) (layer F.Fab)
      (effects (font (size 1 1) (thickness 0.15)))
    )
    (fp_arc (start 3.81 -1.33) (end 2.81 -1.33) (angle -180) (layer F.SilkS) (width 0.12))
    (fp_line (start 1.635 -1.27) (end 6.985 -1.27) (layer F.Fab) (width 0.1))
    (fp_line (start 6.985 -1.27) (end 6.985 34.29) (layer F.Fab) (width 0.1))
    (fp_line (start 6.985 34.29) (end 0.635 34.29) (layer F.Fab) (width 0.1))
    (fp_line (start 0.635 34.29) (end 0.635 -0.27) (layer F.Fab) (width 0.1))
    (fp_line (start 0.635 -0.27) (end 1.635 -1.27) (layer F.Fab) (width 0.1))
    (fp_line (start 2.81 -1.33) (end 1.56 -1.33) (layer F.SilkS) (width 0.12))
    (fp_line (start 1.56 -1.33) (end 1.56 34.35) (layer F.SilkS) (width 0.12))
    (fp_line (start 1.56 34.35) (end 6.06 34.35) (layer F.SilkS) (width 0.12))
    (fp_line (start 6.06 34.35) (end 6.06 -1.33) (layer F.SilkS) (width 0.12))
    (fp_line (start 6.06 -1.33) (end 4.81 -1.33) (layer F.SilkS) (width 0.12))
    (fp_line (start -1.45 -1.55) (end -1.45 34.55) (layer F.CrtYd) (width 0.05))
    (fp_line (start -1.45 34.55) (end 9.1 34.55) (layer F.CrtYd) (width 0.05))
    (fp_line (start 9.1 34.55) (end 9.1 -1.55) (layer F.CrtYd) (width 0.05))
    (fp_line (start 9.1 -1.55) (end -1.45 -1.55) (layer F.CrtYd) (width 0.05))
    (fp_text user %R (at 3.81 16.51) (layer F.Fab)
      (effects (font (size 1 1) (thickness 0.15)))
    )
    (pad 1 thru_hole rect (at 0 0) (size 2.4 1.6) (drill 0.8) (layers *.Cu *.Mask)
      (net 48 "Net-(R14-Pad2)"))
    (pad 15 thru_hole oval (at 7.62 33.02) (size 2.4 1.6) (drill 0.8) (layers *.Cu *.Mask)
      (net 41 /PUPADR))
    (pad 2 thru_hole oval (at 0 2.54) (size 2.4 1.6) (drill 0.8) (layers *.Cu *.Mask)
      (net 47 "Net-(R13-Pad2)"))
    (pad 16 thru_hole oval (at 7.62 30.48) (size 2.4 1.6) (drill 0.8) (layers *.Cu *.Mask)
      (net 41 /PUPADR))
    (pad 3 thru_hole oval (at 0 5.08) (size 2.4 1.6) (drill 0.8) (layers *.Cu *.Mask)
      (net 46 "Net-(R12-Pad2)"))
    (pad 17 thru_hole oval (at 7.62 27.94) (size 2.4 1.6) (drill 0.8) (layers *.Cu *.Mask)
      (net 1 /A2))
    (pad 4 thru_hole oval (at 0 7.62) (size 2.4 1.6) (drill 0.8) (layers *.Cu *.Mask)
      (net 45 "Net-(R11-Pad2)"))
    (pad 18 thru_hole oval (at 7.62 25.4) (size 2.4 1.6) (drill 0.8) (layers *.Cu *.Mask)
      (net 39 /PUPRST))
    (pad 5 thru_hole oval (at 0 10.16) (size 2.4 1.6) (drill 0.8) (layers *.Cu *.Mask)
      (net 44 "Net-(R10-Pad2)"))
    (pad 19 thru_hole oval (at 7.62 22.86) (size 2.4 1.6) (drill 0.8) (layers *.Cu *.Mask)
      (net 38 /PUPINT))
    (pad 6 thru_hole oval (at 0 12.7) (size 2.4 1.6) (drill 0.8) (layers *.Cu *.Mask)
      (net 43 "Net-(R9-Pad2)"))
    (pad 20 thru_hole oval (at 7.62 20.32) (size 2.4 1.6) (drill 0.8) (layers *.Cu *.Mask)
      (net 38 /PUPINT))
    (pad 7 thru_hole oval (at 0 15.24) (size 2.4 1.6) (drill 0.8) (layers *.Cu *.Mask)
      (net 42 "Net-(R8-Pad2)"))
    (pad 21 thru_hole oval (at 7.62 17.78) (size 2.4 1.6) (drill 0.8) (layers *.Cu *.Mask)
      (net 82 /S1D0))
    (pad 8 thru_hole oval (at 0 17.78) (size 2.4 1.6) (drill 0.8) (layers *.Cu *.Mask)
      (net 40 "Net-(R5-Pad2)"))
    (pad 22 thru_hole oval (at 7.62 15.24) (size 2.4 1.6) (drill 0.8) (layers *.Cu *.Mask)
      (net 81 /S1D1))
    (pad 9 thru_hole oval (at 0 20.32) (size 2.4 1.6) (drill 0.8) (layers *.Cu *.Mask)
      (net 37 +5V))
    (pad 23 thru_hole oval (at 7.62 12.7) (size 2.4 1.6) (drill 0.8) (layers *.Cu *.Mask)
      (net 80 /S1D2))
    (pad 10 thru_hole oval (at 0 22.86) (size 2.4 1.6) (drill 0.8) (layers *.Cu *.Mask)
      (net 4 GND))
    (pad 24 thru_hole oval (at 7.62 10.16) (size 2.4 1.6) (drill 0.8) (layers *.Cu *.Mask)
      (net 79 /S1D3))
    (pad 11 thru_hole oval (at 0 25.4) (size 2.4 1.6) (drill 0.8) (layers *.Cu *.Mask))
    (pad 25 thru_hole oval (at 7.62 7.62) (size 2.4 1.6) (drill 0.8) (layers *.Cu *.Mask)
      (net 78 /S1D4))
    (pad 12 thru_hole oval (at 0 27.94) (size 2.4 1.6) (drill 0.8) (layers *.Cu *.Mask)
      (net 2 /SCL))
    (pad 26 thru_hole oval (at 7.62 5.08) (size 2.4 1.6) (drill 0.8) (layers *.Cu *.Mask)
      (net 77 /S1D5))
    (pad 13 thru_hole oval (at 0 30.48) (size 2.4 1.6) (drill 0.8) (layers *.Cu *.Mask)
      (net 3 /SDA))
    (pad 27 thru_hole oval (at 7.62 2.54) (size 2.4 1.6) (drill 0.8) (layers *.Cu *.Mask)
      (net 76 /S1D6))
    (pad 14 thru_hole oval (at 0 33.02) (size 2.4 1.6) (drill 0.8) (layers *.Cu *.Mask))
    (pad 28 thru_hole oval (at 7.62 0) (size 2.4 1.6) (drill 0.8) (layers *.Cu *.Mask)
      (net 75 /S1D7))
    (model ${KISYS3DMOD}/Package_DIP.3dshapes/DIP-28_W7.62mm.wrl
      (at (xyz 0 0 0))
      (scale (xyz 1 1 1))
      (rotate (xyz 0 0 0))
    )
  )

  (module Package_DIP:DIP-28_W7.62mm_LongPads (layer F.Cu) (tedit 5A02E8C5) (tstamp 60CA4E57)
    (at 12.7 22.606)
    (descr "28-lead though-hole mounted DIP package, row spacing 7.62 mm (300 mils), LongPads")
    (tags "THT DIP DIL PDIP 2.54mm 7.62mm 300mil LongPads")
    (path /5DC44F08)
    (fp_text reference U3 (at 9.652 -1.778) (layer F.SilkS)
      (effects (font (size 1 1) (thickness 0.15)))
    )
    (fp_text value MCP23017-E/SS (at 3.81 35.35) (layer F.Fab)
      (effects (font (size 1 1) (thickness 0.15)))
    )
    (fp_text user %R (at 3.81 16.51) (layer F.Fab)
      (effects (font (size 1 1) (thickness 0.15)))
    )
    (fp_line (start 9.1 -1.55) (end -1.45 -1.55) (layer F.CrtYd) (width 0.05))
    (fp_line (start 9.1 34.55) (end 9.1 -1.55) (layer F.CrtYd) (width 0.05))
    (fp_line (start -1.45 34.55) (end 9.1 34.55) (layer F.CrtYd) (width 0.05))
    (fp_line (start -1.45 -1.55) (end -1.45 34.55) (layer F.CrtYd) (width 0.05))
    (fp_line (start 6.06 -1.33) (end 4.81 -1.33) (layer F.SilkS) (width 0.12))
    (fp_line (start 6.06 34.35) (end 6.06 -1.33) (layer F.SilkS) (width 0.12))
    (fp_line (start 1.56 34.35) (end 6.06 34.35) (layer F.SilkS) (width 0.12))
    (fp_line (start 1.56 -1.33) (end 1.56 34.35) (layer F.SilkS) (width 0.12))
    (fp_line (start 2.81 -1.33) (end 1.56 -1.33) (layer F.SilkS) (width 0.12))
    (fp_line (start 0.635 -0.27) (end 1.635 -1.27) (layer F.Fab) (width 0.1))
    (fp_line (start 0.635 34.29) (end 0.635 -0.27) (layer F.Fab) (width 0.1))
    (fp_line (start 6.985 34.29) (end 0.635 34.29) (layer F.Fab) (width 0.1))
    (fp_line (start 6.985 -1.27) (end 6.985 34.29) (layer F.Fab) (width 0.1))
    (fp_line (start 1.635 -1.27) (end 6.985 -1.27) (layer F.Fab) (width 0.1))
    (fp_arc (start 3.81 -1.33) (end 2.81 -1.33) (angle -180) (layer F.SilkS) (width 0.12))
    (pad 28 thru_hole oval (at 7.62 0) (size 2.4 1.6) (drill 0.8) (layers *.Cu *.Mask)
      (net 91 /S3D7))
    (pad 14 thru_hole oval (at 0 33.02) (size 2.4 1.6) (drill 0.8) (layers *.Cu *.Mask))
    (pad 27 thru_hole oval (at 7.62 2.54) (size 2.4 1.6) (drill 0.8) (layers *.Cu *.Mask)
      (net 92 /S3D6))
    (pad 13 thru_hole oval (at 0 30.48) (size 2.4 1.6) (drill 0.8) (layers *.Cu *.Mask)
      (net 3 /SDA))
    (pad 26 thru_hole oval (at 7.62 5.08) (size 2.4 1.6) (drill 0.8) (layers *.Cu *.Mask)
      (net 93 /S3D5))
    (pad 12 thru_hole oval (at 0 27.94) (size 2.4 1.6) (drill 0.8) (layers *.Cu *.Mask)
      (net 2 /SCL))
    (pad 25 thru_hole oval (at 7.62 7.62) (size 2.4 1.6) (drill 0.8) (layers *.Cu *.Mask)
      (net 94 /S3D4))
    (pad 11 thru_hole oval (at 0 25.4) (size 2.4 1.6) (drill 0.8) (layers *.Cu *.Mask))
    (pad 24 thru_hole oval (at 7.62 10.16) (size 2.4 1.6) (drill 0.8) (layers *.Cu *.Mask)
      (net 95 /S3D3))
    (pad 10 thru_hole oval (at 0 22.86) (size 2.4 1.6) (drill 0.8) (layers *.Cu *.Mask)
      (net 4 GND))
    (pad 23 thru_hole oval (at 7.62 12.7) (size 2.4 1.6) (drill 0.8) (layers *.Cu *.Mask)
      (net 96 /S3D2))
    (pad 9 thru_hole oval (at 0 20.32) (size 2.4 1.6) (drill 0.8) (layers *.Cu *.Mask)
      (net 37 +5V))
    (pad 22 thru_hole oval (at 7.62 15.24) (size 2.4 1.6) (drill 0.8) (layers *.Cu *.Mask)
      (net 97 /S3D1))
    (pad 8 thru_hole oval (at 0 17.78) (size 2.4 1.6) (drill 0.8) (layers *.Cu *.Mask)
      (net 57 "Net-(R23-Pad2)"))
    (pad 21 thru_hole oval (at 7.62 17.78) (size 2.4 1.6) (drill 0.8) (layers *.Cu *.Mask)
      (net 98 /S3D0))
    (pad 7 thru_hole oval (at 0 15.24) (size 2.4 1.6) (drill 0.8) (layers *.Cu *.Mask)
      (net 58 "Net-(R24-Pad2)"))
    (pad 20 thru_hole oval (at 7.62 20.32) (size 2.4 1.6) (drill 0.8) (layers *.Cu *.Mask)
      (net 38 /PUPINT))
    (pad 6 thru_hole oval (at 0 12.7) (size 2.4 1.6) (drill 0.8) (layers *.Cu *.Mask)
      (net 59 "Net-(R25-Pad2)"))
    (pad 19 thru_hole oval (at 7.62 22.86) (size 2.4 1.6) (drill 0.8) (layers *.Cu *.Mask)
      (net 38 /PUPINT))
    (pad 5 thru_hole oval (at 0 10.16) (size 2.4 1.6) (drill 0.8) (layers *.Cu *.Mask)
      (net 60 "Net-(R26-Pad2)"))
    (pad 18 thru_hole oval (at 7.62 25.4) (size 2.4 1.6) (drill 0.8) (layers *.Cu *.Mask)
      (net 39 /PUPRST))
    (pad 4 thru_hole oval (at 0 7.62) (size 2.4 1.6) (drill 0.8) (layers *.Cu *.Mask)
      (net 61 "Net-(R27-Pad2)"))
    (pad 17 thru_hole oval (at 7.62 27.94) (size 2.4 1.6) (drill 0.8) (layers *.Cu *.Mask)
      (net 1 /A2))
    (pad 3 thru_hole oval (at 0 5.08) (size 2.4 1.6) (drill 0.8) (layers *.Cu *.Mask)
      (net 62 "Net-(R28-Pad2)"))
    (pad 16 thru_hole oval (at 7.62 30.48) (size 2.4 1.6) (drill 0.8) (layers *.Cu *.Mask)
      (net 4 GND))
    (pad 2 thru_hole oval (at 0 2.54) (size 2.4 1.6) (drill 0.8) (layers *.Cu *.Mask)
      (net 63 "Net-(R29-Pad2)"))
    (pad 15 thru_hole oval (at 7.62 33.02) (size 2.4 1.6) (drill 0.8) (layers *.Cu *.Mask)
      (net 41 /PUPADR))
    (pad 1 thru_hole rect (at 0 0) (size 2.4 1.6) (drill 0.8) (layers *.Cu *.Mask)
      (net 64 "Net-(R30-Pad2)"))
    (model ${KISYS3DMOD}/Package_DIP.3dshapes/DIP-28_W7.62mm.wrl
      (at (xyz 0 0 0))
      (scale (xyz 1 1 1))
      (rotate (xyz 0 0 0))
    )
  )

  (module Button_Switch_THT:SW_PUSH_6mm (layer F.Cu) (tedit 5A02FE31) (tstamp 5D96D463)
    (at 27.686 46.99 90)
    (descr https://www.omron.com/ecb/products/pdf/en-b3f.pdf)
    (tags "tact sw push 6mm")
    (path /5EC01775)
    (fp_text reference SW17 (at -1.905 1.905 180) (layer F.SilkS)
      (effects (font (size 1 1) (thickness 0.15)))
    )
    (fp_text value SW_Push (at 3.75 6.7 90) (layer F.Fab)
      (effects (font (size 1 1) (thickness 0.15)))
    )
    (fp_text user %R (at 3.25 2.25 90) (layer F.Fab)
      (effects (font (size 1 1) (thickness 0.15)))
    )
    (fp_line (start 3.25 -0.75) (end 6.25 -0.75) (layer F.Fab) (width 0.1))
    (fp_line (start 6.25 -0.75) (end 6.25 5.25) (layer F.Fab) (width 0.1))
    (fp_line (start 6.25 5.25) (end 0.25 5.25) (layer F.Fab) (width 0.1))
    (fp_line (start 0.25 5.25) (end 0.25 -0.75) (layer F.Fab) (width 0.1))
    (fp_line (start 0.25 -0.75) (end 3.25 -0.75) (layer F.Fab) (width 0.1))
    (fp_line (start 7.75 6) (end 8 6) (layer F.CrtYd) (width 0.05))
    (fp_line (start 8 6) (end 8 5.75) (layer F.CrtYd) (width 0.05))
    (fp_line (start 7.75 -1.5) (end 8 -1.5) (layer F.CrtYd) (width 0.05))
    (fp_line (start 8 -1.5) (end 8 -1.25) (layer F.CrtYd) (width 0.05))
    (fp_line (start -1.5 -1.25) (end -1.5 -1.5) (layer F.CrtYd) (width 0.05))
    (fp_line (start -1.5 -1.5) (end -1.25 -1.5) (layer F.CrtYd) (width 0.05))
    (fp_line (start -1.5 5.75) (end -1.5 6) (layer F.CrtYd) (width 0.05))
    (fp_line (start -1.5 6) (end -1.25 6) (layer F.CrtYd) (width 0.05))
    (fp_line (start -1.25 -1.5) (end 7.75 -1.5) (layer F.CrtYd) (width 0.05))
    (fp_line (start -1.5 5.75) (end -1.5 -1.25) (layer F.CrtYd) (width 0.05))
    (fp_line (start 7.75 6) (end -1.25 6) (layer F.CrtYd) (width 0.05))
    (fp_line (start 8 -1.25) (end 8 5.75) (layer F.CrtYd) (width 0.05))
    (fp_line (start 1 5.5) (end 5.5 5.5) (layer F.SilkS) (width 0.12))
    (fp_line (start -0.25 1.5) (end -0.25 3) (layer F.SilkS) (width 0.12))
    (fp_line (start 5.5 -1) (end 1 -1) (layer F.SilkS) (width 0.12))
    (fp_line (start 6.75 3) (end 6.75 1.5) (layer F.SilkS) (width 0.12))
    (fp_circle (center 3.25 2.25) (end 1.25 2.5) (layer F.Fab) (width 0.1))
    (pad 2 thru_hole circle (at 0 4.5 180) (size 2 2) (drill 1.1) (layers *.Cu *.Mask)
      (net 91 /S3D7))
    (pad 1 thru_hole circle (at 0 0 180) (size 2 2) (drill 1.1) (layers *.Cu *.Mask)
      (net 4 GND))
    (pad 2 thru_hole circle (at 6.5 4.5 180) (size 2 2) (drill 1.1) (layers *.Cu *.Mask)
      (net 91 /S3D7))
    (pad 1 thru_hole circle (at 6.5 0 180) (size 2 2) (drill 1.1) (layers *.Cu *.Mask)
      (net 4 GND))
    (model ${KISYS3DMOD}/Button_Switch_THT.3dshapes/SW_PUSH_6mm.wrl
      (at (xyz 0 0 0))
      (scale (xyz 1 1 1))
      (rotate (xyz 0 0 0))
    )
  )

  (module Resistor_THT:R_Axial_DIN0207_L6.3mm_D2.5mm_P10.16mm_Horizontal (layer B.Cu) (tedit 5AE5139B) (tstamp 60CAA05E)
    (at 89.662 38.862 270)
    (descr "Resistor, Axial_DIN0207 series, Axial, Horizontal, pin pitch=10.16mm, 0.25W = 1/4W, length*diameter=6.3*2.5mm^2, http://cdn-reichelt.de/documents/datenblatt/B400/1_4W%23YAG.pdf")
    (tags "Resistor Axial_DIN0207 series Axial Horizontal pin pitch 10.16mm 0.25W = 1/4W length 6.3mm diameter 2.5mm")
    (path /5D92EB69)
    (fp_text reference R30 (at 5.08 2.37 90) (layer B.SilkS)
      (effects (font (size 1 1) (thickness 0.15)) (justify mirror))
    )
    (fp_text value 560 (at 5.08 -2.37 90) (layer B.Fab)
      (effects (font (size 1 1) (thickness 0.15)) (justify mirror))
    )
    (fp_line (start 1.93 1.25) (end 1.93 -1.25) (layer B.Fab) (width 0.1))
    (fp_line (start 1.93 -1.25) (end 8.23 -1.25) (layer B.Fab) (width 0.1))
    (fp_line (start 8.23 -1.25) (end 8.23 1.25) (layer B.Fab) (width 0.1))
    (fp_line (start 8.23 1.25) (end 1.93 1.25) (layer B.Fab) (width 0.1))
    (fp_line (start 0 0) (end 1.93 0) (layer B.Fab) (width 0.1))
    (fp_line (start 10.16 0) (end 8.23 0) (layer B.Fab) (width 0.1))
    (fp_line (start 1.81 1.37) (end 1.81 -1.37) (layer B.SilkS) (width 0.12))
    (fp_line (start 1.81 -1.37) (end 8.35 -1.37) (layer B.SilkS) (width 0.12))
    (fp_line (start 8.35 -1.37) (end 8.35 1.37) (layer B.SilkS) (width 0.12))
    (fp_line (start 8.35 1.37) (end 1.81 1.37) (layer B.SilkS) (width 0.12))
    (fp_line (start 1.04 0) (end 1.81 0) (layer B.SilkS) (width 0.12))
    (fp_line (start 9.12 0) (end 8.35 0) (layer B.SilkS) (width 0.12))
    (fp_line (start -1.05 1.5) (end -1.05 -1.5) (layer B.CrtYd) (width 0.05))
    (fp_line (start -1.05 -1.5) (end 11.21 -1.5) (layer B.CrtYd) (width 0.05))
    (fp_line (start 11.21 -1.5) (end 11.21 1.5) (layer B.CrtYd) (width 0.05))
    (fp_line (start 11.21 1.5) (end -1.05 1.5) (layer B.CrtYd) (width 0.05))
    (fp_text user %R (at 5.08 0 90) (layer B.Fab)
      (effects (font (size 1 1) (thickness 0.15)) (justify mirror))
    )
    (pad 1 thru_hole circle (at 0 0 270) (size 1.6 1.6) (drill 0.8) (layers *.Cu *.Mask)
      (net 28 "Net-(DS24-Pad2)"))
    (pad 2 thru_hole oval (at 10.16 0 270) (size 1.6 1.6) (drill 0.8) (layers *.Cu *.Mask)
      (net 64 "Net-(R30-Pad2)"))
    (model ${KISYS3DMOD}/Resistor_THT.3dshapes/R_Axial_DIN0207_L6.3mm_D2.5mm_P10.16mm_Horizontal.wrl
      (at (xyz 0 0 0))
      (scale (xyz 1 1 1))
      (rotate (xyz 0 0 0))
    )
  )

  (module LED_THT:LED_D5.0mm (layer F.Cu) (tedit 5995936A) (tstamp 5D96CD8A)
    (at 28.956 74.93)
    (descr "LED, diameter 5.0mm, 2 pins, http://cdn-reichelt.de/documents/datenblatt/A500/LL-504BC2E-009.pdf")
    (tags "LED diameter 5.0mm 2 pins")
    (path /5D90B590)
    (fp_text reference DS1 (at -1.905 0 90) (layer F.SilkS)
      (effects (font (size 1 1) (thickness 0.15)))
    )
    (fp_text value LED (at 1.27 3.96) (layer F.Fab)
      (effects (font (size 1 1) (thickness 0.15)))
    )
    (fp_text user %R (at 1.25 0) (layer F.Fab)
      (effects (font (size 0.8 0.8) (thickness 0.2)))
    )
    (fp_line (start 4.5 -3.25) (end -1.95 -3.25) (layer F.CrtYd) (width 0.05))
    (fp_line (start 4.5 3.25) (end 4.5 -3.25) (layer F.CrtYd) (width 0.05))
    (fp_line (start -1.95 3.25) (end 4.5 3.25) (layer F.CrtYd) (width 0.05))
    (fp_line (start -1.95 -3.25) (end -1.95 3.25) (layer F.CrtYd) (width 0.05))
    (fp_line (start -1.29 -1.545) (end -1.29 1.545) (layer F.SilkS) (width 0.12))
    (fp_line (start -1.23 -1.469694) (end -1.23 1.469694) (layer F.Fab) (width 0.1))
    (fp_circle (center 1.27 0) (end 3.77 0) (layer F.SilkS) (width 0.12))
    (fp_circle (center 1.27 0) (end 3.77 0) (layer F.Fab) (width 0.1))
    (fp_arc (start 1.27 0) (end -1.29 1.54483) (angle -148.9) (layer F.SilkS) (width 0.12))
    (fp_arc (start 1.27 0) (end -1.29 -1.54483) (angle 148.9) (layer F.SilkS) (width 0.12))
    (fp_arc (start 1.27 0) (end -1.23 -1.469694) (angle 299.1) (layer F.Fab) (width 0.1))
    (pad 2 thru_hole circle (at 2.54 0) (size 1.8 1.8) (drill 0.9) (layers *.Cu *.Mask)
      (net 5 "Net-(DS1-Pad2)"))
    (pad 1 thru_hole rect (at 0 0) (size 1.8 1.8) (drill 0.9) (layers *.Cu *.Mask)
      (net 4 GND))
    (model ${KISYS3DMOD}/LED_THT.3dshapes/LED_D5.0mm.wrl
      (at (xyz 0 0 0))
      (scale (xyz 1 1 1))
      (rotate (xyz 0 0 0))
    )
  )

  (module LED_THT:LED_D5.0mm (layer F.Cu) (tedit 5995936A) (tstamp 5D96CD9C)
    (at 36.576 74.93)
    (descr "LED, diameter 5.0mm, 2 pins, http://cdn-reichelt.de/documents/datenblatt/A500/LL-504BC2E-009.pdf")
    (tags "LED diameter 5.0mm 2 pins")
    (path /5D90B582)
    (fp_text reference DS2 (at -1.905 0 90) (layer F.SilkS)
      (effects (font (size 1 1) (thickness 0.15)))
    )
    (fp_text value LED (at 1.27 3.96) (layer F.Fab)
      (effects (font (size 1 1) (thickness 0.15)))
    )
    (fp_arc (start 1.27 0) (end -1.23 -1.469694) (angle 299.1) (layer F.Fab) (width 0.1))
    (fp_arc (start 1.27 0) (end -1.29 -1.54483) (angle 148.9) (layer F.SilkS) (width 0.12))
    (fp_arc (start 1.27 0) (end -1.29 1.54483) (angle -148.9) (layer F.SilkS) (width 0.12))
    (fp_circle (center 1.27 0) (end 3.77 0) (layer F.Fab) (width 0.1))
    (fp_circle (center 1.27 0) (end 3.77 0) (layer F.SilkS) (width 0.12))
    (fp_line (start -1.23 -1.469694) (end -1.23 1.469694) (layer F.Fab) (width 0.1))
    (fp_line (start -1.29 -1.545) (end -1.29 1.545) (layer F.SilkS) (width 0.12))
    (fp_line (start -1.95 -3.25) (end -1.95 3.25) (layer F.CrtYd) (width 0.05))
    (fp_line (start -1.95 3.25) (end 4.5 3.25) (layer F.CrtYd) (width 0.05))
    (fp_line (start 4.5 3.25) (end 4.5 -3.25) (layer F.CrtYd) (width 0.05))
    (fp_line (start 4.5 -3.25) (end -1.95 -3.25) (layer F.CrtYd) (width 0.05))
    (fp_text user %R (at 1.25 0) (layer F.Fab)
      (effects (font (size 0.8 0.8) (thickness 0.2)))
    )
    (pad 1 thru_hole rect (at 0 0) (size 1.8 1.8) (drill 0.9) (layers *.Cu *.Mask)
      (net 4 GND))
    (pad 2 thru_hole circle (at 2.54 0) (size 1.8 1.8) (drill 0.9) (layers *.Cu *.Mask)
      (net 6 "Net-(DS2-Pad2)"))
    (model ${KISYS3DMOD}/LED_THT.3dshapes/LED_D5.0mm.wrl
      (at (xyz 0 0 0))
      (scale (xyz 1 1 1))
      (rotate (xyz 0 0 0))
    )
  )

  (module LED_THT:LED_D5.0mm (layer F.Cu) (tedit 5995936A) (tstamp 5D96CDAE)
    (at 44.196 74.93)
    (descr "LED, diameter 5.0mm, 2 pins, http://cdn-reichelt.de/documents/datenblatt/A500/LL-504BC2E-009.pdf")
    (tags "LED diameter 5.0mm 2 pins")
    (path /5D90B574)
    (fp_text reference DS3 (at -1.905 0 90) (layer F.SilkS)
      (effects (font (size 1 1) (thickness 0.15)))
    )
    (fp_text value LED (at 1.27 3.96) (layer F.Fab)
      (effects (font (size 1 1) (thickness 0.15)))
    )
    (fp_text user %R (at 1.25 0) (layer F.Fab)
      (effects (font (size 0.8 0.8) (thickness 0.2)))
    )
    (fp_line (start 4.5 -3.25) (end -1.95 -3.25) (layer F.CrtYd) (width 0.05))
    (fp_line (start 4.5 3.25) (end 4.5 -3.25) (layer F.CrtYd) (width 0.05))
    (fp_line (start -1.95 3.25) (end 4.5 3.25) (layer F.CrtYd) (width 0.05))
    (fp_line (start -1.95 -3.25) (end -1.95 3.25) (layer F.CrtYd) (width 0.05))
    (fp_line (start -1.29 -1.545) (end -1.29 1.545) (layer F.SilkS) (width 0.12))
    (fp_line (start -1.23 -1.469694) (end -1.23 1.469694) (layer F.Fab) (width 0.1))
    (fp_circle (center 1.27 0) (end 3.77 0) (layer F.SilkS) (width 0.12))
    (fp_circle (center 1.27 0) (end 3.77 0) (layer F.Fab) (width 0.1))
    (fp_arc (start 1.27 0) (end -1.29 1.54483) (angle -148.9) (layer F.SilkS) (width 0.12))
    (fp_arc (start 1.27 0) (end -1.29 -1.54483) (angle 148.9) (layer F.SilkS) (width 0.12))
    (fp_arc (start 1.27 0) (end -1.23 -1.469694) (angle 299.1) (layer F.Fab) (width 0.1))
    (pad 2 thru_hole circle (at 2.54 0) (size 1.8 1.8) (drill 0.9) (layers *.Cu *.Mask)
      (net 7 "Net-(DS3-Pad2)"))
    (pad 1 thru_hole rect (at 0 0) (size 1.8 1.8) (drill 0.9) (layers *.Cu *.Mask)
      (net 4 GND))
    (model ${KISYS3DMOD}/LED_THT.3dshapes/LED_D5.0mm.wrl
      (at (xyz 0 0 0))
      (scale (xyz 1 1 1))
      (rotate (xyz 0 0 0))
    )
  )

  (module LED_THT:LED_D5.0mm (layer F.Cu) (tedit 5995936A) (tstamp 5D96CDC0)
    (at 51.816 74.93)
    (descr "LED, diameter 5.0mm, 2 pins, http://cdn-reichelt.de/documents/datenblatt/A500/LL-504BC2E-009.pdf")
    (tags "LED diameter 5.0mm 2 pins")
    (path /5D90B566)
    (fp_text reference DS4 (at -1.905 0 90) (layer F.SilkS)
      (effects (font (size 1 1) (thickness 0.15)))
    )
    (fp_text value LED (at 1.27 3.96) (layer F.Fab)
      (effects (font (size 1 1) (thickness 0.15)))
    )
    (fp_arc (start 1.27 0) (end -1.23 -1.469694) (angle 299.1) (layer F.Fab) (width 0.1))
    (fp_arc (start 1.27 0) (end -1.29 -1.54483) (angle 148.9) (layer F.SilkS) (width 0.12))
    (fp_arc (start 1.27 0) (end -1.29 1.54483) (angle -148.9) (layer F.SilkS) (width 0.12))
    (fp_circle (center 1.27 0) (end 3.77 0) (layer F.Fab) (width 0.1))
    (fp_circle (center 1.27 0) (end 3.77 0) (layer F.SilkS) (width 0.12))
    (fp_line (start -1.23 -1.469694) (end -1.23 1.469694) (layer F.Fab) (width 0.1))
    (fp_line (start -1.29 -1.545) (end -1.29 1.545) (layer F.SilkS) (width 0.12))
    (fp_line (start -1.95 -3.25) (end -1.95 3.25) (layer F.CrtYd) (width 0.05))
    (fp_line (start -1.95 3.25) (end 4.5 3.25) (layer F.CrtYd) (width 0.05))
    (fp_line (start 4.5 3.25) (end 4.5 -3.25) (layer F.CrtYd) (width 0.05))
    (fp_line (start 4.5 -3.25) (end -1.95 -3.25) (layer F.CrtYd) (width 0.05))
    (fp_text user %R (at 1.25 0) (layer F.Fab)
      (effects (font (size 0.8 0.8) (thickness 0.2)))
    )
    (pad 1 thru_hole rect (at 0 0) (size 1.8 1.8) (drill 0.9) (layers *.Cu *.Mask)
      (net 4 GND))
    (pad 2 thru_hole circle (at 2.54 0) (size 1.8 1.8) (drill 0.9) (layers *.Cu *.Mask)
      (net 8 "Net-(DS4-Pad2)"))
    (model ${KISYS3DMOD}/LED_THT.3dshapes/LED_D5.0mm.wrl
      (at (xyz 0 0 0))
      (scale (xyz 1 1 1))
      (rotate (xyz 0 0 0))
    )
  )

  (module LED_THT:LED_D5.0mm (layer F.Cu) (tedit 5995936A) (tstamp 5D96CDD2)
    (at 61.976 74.93)
    (descr "LED, diameter 5.0mm, 2 pins, http://cdn-reichelt.de/documents/datenblatt/A500/LL-504BC2E-009.pdf")
    (tags "LED diameter 5.0mm 2 pins")
    (path /5D908E8C)
    (fp_text reference DS5 (at -1.905 0 90) (layer F.SilkS)
      (effects (font (size 1 1) (thickness 0.15)))
    )
    (fp_text value LED (at 1.27 3.96) (layer F.Fab)
      (effects (font (size 1 1) (thickness 0.15)))
    )
    (fp_text user %R (at 1.25 0) (layer F.Fab)
      (effects (font (size 0.8 0.8) (thickness 0.2)))
    )
    (fp_line (start 4.5 -3.25) (end -1.95 -3.25) (layer F.CrtYd) (width 0.05))
    (fp_line (start 4.5 3.25) (end 4.5 -3.25) (layer F.CrtYd) (width 0.05))
    (fp_line (start -1.95 3.25) (end 4.5 3.25) (layer F.CrtYd) (width 0.05))
    (fp_line (start -1.95 -3.25) (end -1.95 3.25) (layer F.CrtYd) (width 0.05))
    (fp_line (start -1.29 -1.545) (end -1.29 1.545) (layer F.SilkS) (width 0.12))
    (fp_line (start -1.23 -1.469694) (end -1.23 1.469694) (layer F.Fab) (width 0.1))
    (fp_circle (center 1.27 0) (end 3.77 0) (layer F.SilkS) (width 0.12))
    (fp_circle (center 1.27 0) (end 3.77 0) (layer F.Fab) (width 0.1))
    (fp_arc (start 1.27 0) (end -1.29 1.54483) (angle -148.9) (layer F.SilkS) (width 0.12))
    (fp_arc (start 1.27 0) (end -1.29 -1.54483) (angle 148.9) (layer F.SilkS) (width 0.12))
    (fp_arc (start 1.27 0) (end -1.23 -1.469694) (angle 299.1) (layer F.Fab) (width 0.1))
    (pad 2 thru_hole circle (at 2.54 0) (size 1.8 1.8) (drill 0.9) (layers *.Cu *.Mask)
      (net 9 "Net-(DS5-Pad2)"))
    (pad 1 thru_hole rect (at 0 0) (size 1.8 1.8) (drill 0.9) (layers *.Cu *.Mask)
      (net 4 GND))
    (model ${KISYS3DMOD}/LED_THT.3dshapes/LED_D5.0mm.wrl
      (at (xyz 0 0 0))
      (scale (xyz 1 1 1))
      (rotate (xyz 0 0 0))
    )
  )

  (module LED_THT:LED_D5.0mm (layer F.Cu) (tedit 5995936A) (tstamp 5D96CDE4)
    (at 69.596 74.93)
    (descr "LED, diameter 5.0mm, 2 pins, http://cdn-reichelt.de/documents/datenblatt/A500/LL-504BC2E-009.pdf")
    (tags "LED diameter 5.0mm 2 pins")
    (path /5D908E7E)
    (fp_text reference DS6 (at -1.905 0 90) (layer F.SilkS)
      (effects (font (size 1 1) (thickness 0.15)))
    )
    (fp_text value LED (at 1.27 3.96) (layer F.Fab)
      (effects (font (size 1 1) (thickness 0.15)))
    )
    (fp_arc (start 1.27 0) (end -1.23 -1.469694) (angle 299.1) (layer F.Fab) (width 0.1))
    (fp_arc (start 1.27 0) (end -1.29 -1.54483) (angle 148.9) (layer F.SilkS) (width 0.12))
    (fp_arc (start 1.27 0) (end -1.29 1.54483) (angle -148.9) (layer F.SilkS) (width 0.12))
    (fp_circle (center 1.27 0) (end 3.77 0) (layer F.Fab) (width 0.1))
    (fp_circle (center 1.27 0) (end 3.77 0) (layer F.SilkS) (width 0.12))
    (fp_line (start -1.23 -1.469694) (end -1.23 1.469694) (layer F.Fab) (width 0.1))
    (fp_line (start -1.29 -1.545) (end -1.29 1.545) (layer F.SilkS) (width 0.12))
    (fp_line (start -1.95 -3.25) (end -1.95 3.25) (layer F.CrtYd) (width 0.05))
    (fp_line (start -1.95 3.25) (end 4.5 3.25) (layer F.CrtYd) (width 0.05))
    (fp_line (start 4.5 3.25) (end 4.5 -3.25) (layer F.CrtYd) (width 0.05))
    (fp_line (start 4.5 -3.25) (end -1.95 -3.25) (layer F.CrtYd) (width 0.05))
    (fp_text user %R (at 1.25 0) (layer F.Fab)
      (effects (font (size 0.8 0.8) (thickness 0.2)))
    )
    (pad 1 thru_hole rect (at 0 0) (size 1.8 1.8) (drill 0.9) (layers *.Cu *.Mask)
      (net 4 GND))
    (pad 2 thru_hole circle (at 2.54 0) (size 1.8 1.8) (drill 0.9) (layers *.Cu *.Mask)
      (net 10 "Net-(DS6-Pad2)"))
    (model ${KISYS3DMOD}/LED_THT.3dshapes/LED_D5.0mm.wrl
      (at (xyz 0 0 0))
      (scale (xyz 1 1 1))
      (rotate (xyz 0 0 0))
    )
  )

  (module LED_THT:LED_D5.0mm (layer F.Cu) (tedit 5995936A) (tstamp 5D96CDF6)
    (at 77.216 74.93)
    (descr "LED, diameter 5.0mm, 2 pins, http://cdn-reichelt.de/documents/datenblatt/A500/LL-504BC2E-009.pdf")
    (tags "LED diameter 5.0mm 2 pins")
    (path /5D906B85)
    (fp_text reference DS7 (at -1.905 0 90) (layer F.SilkS)
      (effects (font (size 1 1) (thickness 0.15)))
    )
    (fp_text value LED (at 1.27 3.96) (layer F.Fab)
      (effects (font (size 1 1) (thickness 0.15)))
    )
    (fp_text user %R (at 1.25 0) (layer F.Fab)
      (effects (font (size 0.8 0.8) (thickness 0.2)))
    )
    (fp_line (start 4.5 -3.25) (end -1.95 -3.25) (layer F.CrtYd) (width 0.05))
    (fp_line (start 4.5 3.25) (end 4.5 -3.25) (layer F.CrtYd) (width 0.05))
    (fp_line (start -1.95 3.25) (end 4.5 3.25) (layer F.CrtYd) (width 0.05))
    (fp_line (start -1.95 -3.25) (end -1.95 3.25) (layer F.CrtYd) (width 0.05))
    (fp_line (start -1.29 -1.545) (end -1.29 1.545) (layer F.SilkS) (width 0.12))
    (fp_line (start -1.23 -1.469694) (end -1.23 1.469694) (layer F.Fab) (width 0.1))
    (fp_circle (center 1.27 0) (end 3.77 0) (layer F.SilkS) (width 0.12))
    (fp_circle (center 1.27 0) (end 3.77 0) (layer F.Fab) (width 0.1))
    (fp_arc (start 1.27 0) (end -1.29 1.54483) (angle -148.9) (layer F.SilkS) (width 0.12))
    (fp_arc (start 1.27 0) (end -1.29 -1.54483) (angle 148.9) (layer F.SilkS) (width 0.12))
    (fp_arc (start 1.27 0) (end -1.23 -1.469694) (angle 299.1) (layer F.Fab) (width 0.1))
    (pad 2 thru_hole circle (at 2.54 0) (size 1.8 1.8) (drill 0.9) (layers *.Cu *.Mask)
      (net 11 "Net-(DS7-Pad2)"))
    (pad 1 thru_hole rect (at 0 0) (size 1.8 1.8) (drill 0.9) (layers *.Cu *.Mask)
      (net 4 GND))
    (model ${KISYS3DMOD}/LED_THT.3dshapes/LED_D5.0mm.wrl
      (at (xyz 0 0 0))
      (scale (xyz 1 1 1))
      (rotate (xyz 0 0 0))
    )
  )

  (module LED_THT:LED_D5.0mm (layer F.Cu) (tedit 5995936A) (tstamp 5D96CE08)
    (at 84.836 74.93)
    (descr "LED, diameter 5.0mm, 2 pins, http://cdn-reichelt.de/documents/datenblatt/A500/LL-504BC2E-009.pdf")
    (tags "LED diameter 5.0mm 2 pins")
    (path /5D8DC50D)
    (fp_text reference DS8 (at -1.905 0 90) (layer F.SilkS)
      (effects (font (size 1 1) (thickness 0.15)))
    )
    (fp_text value LED (at 1.27 3.96) (layer F.Fab)
      (effects (font (size 1 1) (thickness 0.15)))
    )
    (fp_arc (start 1.27 0) (end -1.23 -1.469694) (angle 299.1) (layer F.Fab) (width 0.1))
    (fp_arc (start 1.27 0) (end -1.29 -1.54483) (angle 148.9) (layer F.SilkS) (width 0.12))
    (fp_arc (start 1.27 0) (end -1.29 1.54483) (angle -148.9) (layer F.SilkS) (width 0.12))
    (fp_circle (center 1.27 0) (end 3.77 0) (layer F.Fab) (width 0.1))
    (fp_circle (center 1.27 0) (end 3.77 0) (layer F.SilkS) (width 0.12))
    (fp_line (start -1.23 -1.469694) (end -1.23 1.469694) (layer F.Fab) (width 0.1))
    (fp_line (start -1.29 -1.545) (end -1.29 1.545) (layer F.SilkS) (width 0.12))
    (fp_line (start -1.95 -3.25) (end -1.95 3.25) (layer F.CrtYd) (width 0.05))
    (fp_line (start -1.95 3.25) (end 4.5 3.25) (layer F.CrtYd) (width 0.05))
    (fp_line (start 4.5 3.25) (end 4.5 -3.25) (layer F.CrtYd) (width 0.05))
    (fp_line (start 4.5 -3.25) (end -1.95 -3.25) (layer F.CrtYd) (width 0.05))
    (fp_text user %R (at 1.25 0) (layer F.Fab)
      (effects (font (size 0.8 0.8) (thickness 0.2)))
    )
    (pad 1 thru_hole rect (at 0 0) (size 1.8 1.8) (drill 0.9) (layers *.Cu *.Mask)
      (net 4 GND))
    (pad 2 thru_hole circle (at 2.54 0) (size 1.8 1.8) (drill 0.9) (layers *.Cu *.Mask)
      (net 12 "Net-(DS8-Pad2)"))
    (model ${KISYS3DMOD}/LED_THT.3dshapes/LED_D5.0mm.wrl
      (at (xyz 0 0 0))
      (scale (xyz 1 1 1))
      (rotate (xyz 0 0 0))
    )
  )

  (module LED_THT:LED_D5.0mm (layer F.Cu) (tedit 5995936A) (tstamp 5D96CE1A)
    (at 28.956 55.88)
    (descr "LED, diameter 5.0mm, 2 pins, http://cdn-reichelt.de/documents/datenblatt/A500/LL-504BC2E-009.pdf")
    (tags "LED diameter 5.0mm 2 pins")
    (path /5D928C3C)
    (fp_text reference DS9 (at -1.905 0 90) (layer F.SilkS)
      (effects (font (size 1 1) (thickness 0.15)))
    )
    (fp_text value LED (at 1.27 3.96) (layer F.Fab)
      (effects (font (size 1 1) (thickness 0.15)))
    )
    (fp_text user %R (at 1.25 0) (layer F.Fab)
      (effects (font (size 0.8 0.8) (thickness 0.2)))
    )
    (fp_line (start 4.5 -3.25) (end -1.95 -3.25) (layer F.CrtYd) (width 0.05))
    (fp_line (start 4.5 3.25) (end 4.5 -3.25) (layer F.CrtYd) (width 0.05))
    (fp_line (start -1.95 3.25) (end 4.5 3.25) (layer F.CrtYd) (width 0.05))
    (fp_line (start -1.95 -3.25) (end -1.95 3.25) (layer F.CrtYd) (width 0.05))
    (fp_line (start -1.29 -1.545) (end -1.29 1.545) (layer F.SilkS) (width 0.12))
    (fp_line (start -1.23 -1.469694) (end -1.23 1.469694) (layer F.Fab) (width 0.1))
    (fp_circle (center 1.27 0) (end 3.77 0) (layer F.SilkS) (width 0.12))
    (fp_circle (center 1.27 0) (end 3.77 0) (layer F.Fab) (width 0.1))
    (fp_arc (start 1.27 0) (end -1.29 1.54483) (angle -148.9) (layer F.SilkS) (width 0.12))
    (fp_arc (start 1.27 0) (end -1.29 -1.54483) (angle 148.9) (layer F.SilkS) (width 0.12))
    (fp_arc (start 1.27 0) (end -1.23 -1.469694) (angle 299.1) (layer F.Fab) (width 0.1))
    (pad 2 thru_hole circle (at 2.54 0) (size 1.8 1.8) (drill 0.9) (layers *.Cu *.Mask)
      (net 13 "Net-(DS9-Pad2)"))
    (pad 1 thru_hole rect (at 0 0) (size 1.8 1.8) (drill 0.9) (layers *.Cu *.Mask)
      (net 4 GND))
    (model ${KISYS3DMOD}/LED_THT.3dshapes/LED_D5.0mm.wrl
      (at (xyz 0 0 0))
      (scale (xyz 1 1 1))
