(kicad_pcb (version 20171130) (host pcbnew "(5.1.5)-3")

  (general
    (thickness 1.6)
    (drawings 11)
    (tracks 217)
    (zones 0)
    (modules 24)
    (nets 29)
  )

  (page A)
  (title_block
    (title ESP32-VGA)
    (date 2020-02-19)
    (rev 2)
    (company land-boards.com)
  )

  (layers
    (0 F.Cu signal)
    (31 B.Cu signal)
    (36 B.SilkS user hide)
    (37 F.SilkS user)
    (38 B.Mask user hide)
    (39 F.Mask user)
    (40 Dwgs.User user hide)
    (42 Eco1.User user hide)
    (44 Edge.Cuts user)
    (45 Margin user hide)
    (46 B.CrtYd user hide)
    (47 F.CrtYd user hide)
    (48 B.Fab user hide)
    (49 F.Fab user hide)
  )

  (setup
    (last_trace_width 0.254)
    (user_trace_width 0.635)
    (user_trace_width 2.54)
    (trace_clearance 0.254)
    (zone_clearance 0.254)
    (zone_45_only no)
    (trace_min 0.2032)
    (via_size 0.889)
    (via_drill 0.635)
    (via_min_size 0.889)
    (via_min_drill 0.508)
    (uvia_size 0.508)
    (uvia_drill 0.127)
    (uvias_allowed no)
    (uvia_min_size 0.508)
    (uvia_min_drill 0.127)
    (edge_width 0.1)
    (segment_width 0.2)
    (pcb_text_width 0.3)
    (pcb_text_size 1.5 1.5)
    (mod_edge_width 0.15)
    (mod_text_size 1.27 1.27)
    (mod_text_width 0.3175)
    (pad_size 2 4.6)
    (pad_drill 1)
    (pad_to_mask_clearance 0)
    (solder_mask_min_width 0.25)
    (aux_axis_origin 0 0)
    (visible_elements 7FFFFF7F)
    (pcbplotparams
      (layerselection 0x010f0_ffffffff)
      (usegerberextensions false)
      (usegerberattributes false)
      (usegerberadvancedattributes false)
      (creategerberjobfile false)
      (excludeedgelayer true)
      (linewidth 0.150000)
      (plotframeref false)
      (viasonmask false)
      (mode 1)
      (useauxorigin false)
      (hpglpennumber 1)
      (hpglpenspeed 20)
      (hpglpendiameter 15.000000)
      (psnegative false)
      (psa4output false)
      (plotreference true)
      (plotvalue true)
      (plotinvisibletext false)
      (padsonsilk false)
      (subtractmaskfromsilk false)
      (outputformat 1)
      (mirror false)
      (drillshape 0)
      (scaleselection 1)
      (outputdirectory "plots/"))
  )

  (net 0 "")
  (net 1 +5V)
  (net 2 GND)
  (net 3 +3V3)
  (net 4 /TX2)
  (net 5 "Net-(C1-Pad1)")
  (net 6 /HSYNC)
  (net 7 /VSYNC)
  (net 8 /REDHI)
  (net 9 /REDLO)
  (net 10 /GRNHI)
  (net 11 /GRNLO)
  (net 12 /BLUHI)
  (net 13 /BLULO)
  (net 14 /AUDIO)
  (net 15 /KBDAT)
  (net 16 /KBCLK)
  (net 17 /MSECLK)
  (net 18 /MSEDAT)
  (net 19 /RX2)
  (net 20 "Net-(C2-Pad1)")
  (net 21 "Net-(P1-Pad5)")
  (net 22 "Net-(P1-Pad1)")
  (net 23 "Net-(P2-Pad1)")
  (net 24 "Net-(P2-Pad5)")
  (net 25 /AOUT)
  (net 26 "Net-(J5-Pad3)")
  (net 27 "Net-(J5-Pad5)")
  (net 28 "Net-(J5-Pad7)")

  (net_class Default "This is the default net class."
    (clearance 0.254)
    (trace_width 0.254)
    (via_dia 0.889)
    (via_drill 0.635)
    (uvia_dia 0.508)
    (uvia_drill 0.127)
    (diff_pair_width 0.254)
    (diff_pair_gap 0.25)
    (add_net +3V3)
    (add_net +5V)
    (add_net /AOUT)
    (add_net /AUDIO)
    (add_net /BLUHI)
    (add_net /BLULO)
    (add_net /GRNHI)
    (add_net /GRNLO)
    (add_net /HSYNC)
    (add_net /KBCLK)
    (add_net /KBDAT)
    (add_net /MSECLK)
    (add_net /MSEDAT)
    (add_net /REDHI)
    (add_net /REDLO)
    (add_net /RX2)
    (add_net /TX2)
    (add_net /VSYNC)
    (add_net GND)
    (add_net "Net-(C1-Pad1)")
    (add_net "Net-(C2-Pad1)")
    (add_net "Net-(J5-Pad3)")
    (add_net "Net-(J5-Pad5)")
    (add_net "Net-(J5-Pad7)")
    (add_net "Net-(P1-Pad1)")
    (add_net "Net-(P1-Pad5)")
    (add_net "Net-(P2-Pad1)")
    (add_net "Net-(P2-Pad5)")
  )

  (net_class W25 ""
    (clearance 0.381)
    (trace_width 0.635)
    (via_dia 0.889)
    (via_drill 0.635)
    (uvia_dia 0.508)
    (uvia_drill 0.127)
    (diff_pair_width 0.254)
    (diff_pair_gap 0.25)
  )

  (module Package_SO:SOIC-14_3.9x8.7mm_P1.27mm (layer F.Cu) (tedit 5A02F2D3) (tstamp 5DF958A2)
    (at 132.3213 93.0783)
    (descr "14-Lead Plastic Small Outline (SL) - Narrow, 3.90 mm Body [SOIC] (see Microchip Packaging Specification 00000049BS.pdf)")
    (tags "SOIC 1.27")
    (path /5DF7EC0F)
    (attr smd)
    (fp_text reference U2 (at -3.048 -6.096) (layer F.SilkS)
      (effects (font (size 0.8636 1.143) (thickness 0.254)))
    )
    (fp_text value TXS0104EDR (at 0 5.375) (layer F.Fab)
      (effects (font (size 1 1) (thickness 0.15)))
    )
    (fp_text user %R (at 0 0) (layer F.Fab)
      (effects (font (size 0.8636 1.143) (thickness 0.254)))
    )
    (fp_line (start -0.95 -4.35) (end 1.95 -4.35) (layer F.Fab) (width 0.15))
    (fp_line (start 1.95 -4.35) (end 1.95 4.35) (layer F.Fab) (width 0.15))
    (fp_line (start 1.95 4.35) (end -1.95 4.35) (layer F.Fab) (width 0.15))
    (fp_line (start -1.95 4.35) (end -1.95 -3.35) (layer F.Fab) (width 0.15))
    (fp_line (start -1.95 -3.35) (end -0.95 -4.35) (layer F.Fab) (width 0.15))
    (fp_line (start -3.7 -4.65) (end -3.7 4.65) (layer F.CrtYd) (width 0.05))
    (fp_line (start 3.7 -4.65) (end 3.7 4.65) (layer F.CrtYd) (width 0.05))
    (fp_line (start -3.7 -4.65) (end 3.7 -4.65) (layer F.CrtYd) (width 0.05))
    (fp_line (start -3.7 4.65) (end 3.7 4.65) (layer F.CrtYd) (width 0.05))
    (fp_line (start -2.075 -4.45) (end -2.075 -4.425) (layer F.SilkS) (width 0.15))
    (fp_line (start 2.075 -4.45) (end 2.075 -4.335) (layer F.SilkS) (width 0.15))
    (fp_line (start 2.075 4.45) (end 2.075 4.335) (layer F.SilkS) (width 0.15))
    (fp_line (start -2.075 4.45) (end -2.075 4.335) (layer F.SilkS) (width 0.15))
    (fp_line (start -2.075 -4.45) (end 2.075 -4.45) (layer F.SilkS) (width 0.15))
    (fp_line (start -2.075 4.45) (end 2.075 4.45) (layer F.SilkS) (width 0.15))
    (fp_line (start -2.075 -4.425) (end -3.45 -4.425) (layer F.SilkS) (width 0.15))
    (pad 1 smd rect (at -2.7 -3.81) (size 1.5 0.6) (layers F.Cu F.Paste F.Mask)
      (net 3 +3V3))
    (pad 2 smd rect (at -2.7 -2.54) (size 1.5 0.6) (layers F.Cu F.Paste F.Mask)
      (net 15 /KBDAT))
    (pad 3 smd rect (at -2.7 -1.27) (size 1.5 0.6) (layers F.Cu F.Paste F.Mask)
      (net 16 /KBCLK))
    (pad 4 smd rect (at -2.7 0) (size 1.5 0.6) (layers F.Cu F.Paste F.Mask)
      (net 18 /MSEDAT))
    (pad 5 smd rect (at -2.7 1.27) (size 1.5 0.6) (layers F.Cu F.Paste F.Mask)
      (net 17 /MSECLK))
    (pad 6 smd rect (at -2.7 2.54) (size 1.5 0.6) (layers F.Cu F.Paste F.Mask))
    (pad 7 smd rect (at -2.7 3.81) (size 1.5 0.6) (layers F.Cu F.Paste F.Mask)
      (net 2 GND))
    (pad 8 smd rect (at 2.7 3.81) (size 1.5 0.6) (layers F.Cu F.Paste F.Mask)
      (net 3 +3V3))
    (pad 9 smd rect (at 2.7 2.54) (size 1.5 0.6) (layers F.Cu F.Paste F.Mask))
    (pad 10 smd rect (at 2.7 1.27) (size 1.5 0.6) (layers F.Cu F.Paste F.Mask)
      (net 21 "Net-(P1-Pad5)"))
    (pad 11 smd rect (at 2.7 0) (size 1.5 0.6) (layers F.Cu F.Paste F.Mask)
      (net 22 "Net-(P1-Pad1)"))
    (pad 12 smd rect (at 2.7 -1.27) (size 1.5 0.6) (layers F.Cu F.Paste F.Mask)
      (net 24 "Net-(P2-Pad5)"))
    (pad 13 smd rect (at 2.7 -2.54) (size 1.5 0.6) (layers F.Cu F.Paste F.Mask)
      (net 23 "Net-(P2-Pad1)"))
    (pad 14 smd rect (at 2.7 -3.81) (size 1.5 0.6) (layers F.Cu F.Paste F.Mask)
      (net 1 +5V))
    (model ${KISYS3DMOD}/Package_SO.3dshapes/SOIC-14_3.9x8.7mm_P1.27mm.wrl
      (at (xyz 0 0 0))
      (scale (xyz 1 1 1))
      (rotate (xyz 0 0 0))
    )
  )

  (module LandBoards_BoardOutlines:BD-49X49 (layer F.Cu) (tedit 524856E1) (tstamp 5E93AE0D)
    (at 109.7026 114.3508)
    (path /5EA1F4DE)
    (fp_text reference BRD1 (at 0 1) (layer F.SilkS) hide
      (effects (font (size 0.8636 1.143) (thickness 0.254)))
    )
    (fp_text value COUPON (at 0 0) (layer F.SilkS) hide
      (effects (font (size 1 1) (thickness 0.15)))
    )
    (fp_line (start 4 0) (end 45 0) (layer F.SilkS) (width 0.15))
    (fp_line (start 0 -45) (end 0 -4) (layer F.SilkS) (width 0.15))
    (fp_line (start 45 -49) (end 4 -49) (layer F.SilkS) (width 0.15))
    (fp_line (start 49 -4) (end 49 -45) (layer F.SilkS) (width 0.15))
    (fp_arc (start 4 -4) (end 4 0) (angle 90) (layer F.SilkS) (width 0.15))
    (fp_arc (start 45 -4) (end 49 -4) (angle 90) (layer F.SilkS) (width 0.15))
    (fp_arc (start 45 -45) (end 45 -49) (angle 90) (layer F.SilkS) (width 0.15))
    (fp_arc (start 4 -45) (end 0 -45) (angle 90) (layer F.SilkS) (width 0.15))
    (pad 1 thru_hole circle (at 4 -45) (size 6.35 6.35) (drill 3.175) (layers *.Cu *.Mask F.SilkS))
    (pad 2 thru_hole circle (at 45 -45) (size 6.35 6.35) (drill 3.175) (layers *.Cu *.Mask F.SilkS))
    (pad 3 thru_hole circle (at 4 -4) (size 6.35 6.35) (drill 3.175) (layers *.Cu *.Mask F.SilkS))
    (pad 4 thru_hole circle (at 45 -4) (size 6.35 6.35) (drill 3.175) (layers *.Cu *.Mask F.SilkS))
  )

  (module Connector_PinHeader_2.54mm:PinHeader_2x04_P2.54mm_Horizontal (layer F.Cu) (tedit 59FED5CB) (tstamp 5E93AE66)
    (at 141.3002 70.6247 90)
    (descr "Through hole angled pin header, 2x04, 2.54mm pitch, 6mm pin length, double rows")
    (tags "Through hole angled pin header THT 2x04 2.54mm double row")
    (path /5E9400DA)
    (fp_text reference J5 (at 0.1016 -2.1463 90) (layer F.SilkS)
      (effects (font (size 0.8636 1.143) (thickness 0.254)))
    )
    (fp_text value Conn_02x04_Odd_Even (at 5.655 9.89 90) (layer F.Fab)
      (effects (font (size 1 1) (thickness 0.15)))
    )
    (fp_line (start 4.675 -1.27) (end 6.58 -1.27) (layer F.Fab) (width 0.1))
    (fp_line (start 6.58 -1.27) (end 6.58 8.89) (layer F.Fab) (width 0.1))
    (fp_line (start 6.58 8.89) (end 4.04 8.89) (layer F.Fab) (width 0.1))
    (fp_line (start 4.04 8.89) (end 4.04 -0.635) (layer F.Fab) (width 0.1))
    (fp_line (start 4.04 -0.635) (end 4.675 -1.27) (layer F.Fab) (width 0.1))
    (fp_line (start -0.32 -0.32) (end 4.04 -0.32) (layer F.Fab) (width 0.1))
    (fp_line (start -0.32 -0.32) (end -0.32 0.32) (layer F.Fab) (width 0.1))
    (fp_line (start -0.32 0.32) (end 4.04 0.32) (layer F.Fab) (width 0.1))
    (fp_line (start 6.58 -0.32) (end 12.58 -0.32) (layer F.Fab) (width 0.1))
    (fp_line (start 12.58 -0.32) (end 12.58 0.32) (layer F.Fab) (width 0.1))
    (fp_line (start 6.58 0.32) (end 12.58 0.32) (layer F.Fab) (width 0.1))
    (fp_line (start -0.32 2.22) (end 4.04 2.22) (layer F.Fab) (width 0.1))
    (fp_line (start -0.32 2.22) (end -0.32 2.86) (layer F.Fab) (width 0.1))
    (fp_line (start -0.32 2.86) (end 4.04 2.86) (layer F.Fab) (width 0.1))
    (fp_line (start 6.58 2.22) (end 12.58 2.22) (layer F.Fab) (width 0.1))
    (fp_line (start 12.58 2.22) (end 12.58 2.86) (layer F.Fab) (width 0.1))
    (fp_line (start 6.58 2.86) (end 12.58 2.86) (layer F.Fab) (width 0.1))
    (fp_line (start -0.32 4.76) (end 4.04 4.76) (layer F.Fab) (width 0.1))
    (fp_line (start -0.32 4.76) (end -0.32 5.4) (layer F.Fab) (width 0.1))
    (fp_line (start -0.32 5.4) (end 4.04 5.4) (layer F.Fab) (width 0.1))
    (fp_line (start 6.58 4.76) (end 12.58 4.76) (layer F.Fab) (width 0.1))
    (fp_line (start 12.58 4.76) (end 12.58 5.4) (layer F.Fab) (width 0.1))
    (fp_line (start 6.58 5.4) (end 12.58 5.4) (layer F.Fab) (width 0.1))
    (fp_line (start -0.32 7.3) (end 4.04 7.3) (layer F.Fab) (width 0.1))
    (fp_line (start -0.32 7.3) (end -0.32 7.94) (layer F.Fab) (width 0.1))
    (fp_line (start -0.32 7.94) (end 4.04 7.94) (layer F.Fab) (width 0.1))
    (fp_line (start 6.58 7.3) (end 12.58 7.3) (layer F.Fab) (width 0.1))
    (fp_line (start 12.58 7.3) (end 12.58 7.94) (layer F.Fab) (width 0.1))
    (fp_line (start 6.58 7.94) (end 12.58 7.94) (layer F.Fab) (width 0.1))
    (fp_line (start 3.98 -1.33) (end 3.98 8.95) (layer F.SilkS) (width 0.12))
    (fp_line (start 3.98 8.95) (end 6.64 8.95) (layer F.SilkS) (width 0.12))
    (fp_line (start 6.64 8.95) (end 6.64 -1.33) (layer F.SilkS) (width 0.12))
    (fp_line (start 6.64 -1.33) (end 3.98 -1.33) (layer F.SilkS) (width 0.12))
    (fp_line (start 6.64 -0.38) (end 12.64 -0.38) (layer F.SilkS) (width 0.12))
    (fp_line (start 12.64 -0.38) (end 12.64 0.38) (layer F.SilkS) (width 0.12))
    (fp_line (start 12.64 0.38) (end 6.64 0.38) (layer F.SilkS) (width 0.12))
    (fp_line (start 6.64 -0.32) (end 12.64 -0.32) (layer F.SilkS) (width 0.12))
    (fp_line (start 6.64 -0.2) (end 12.64 -0.2) (layer F.SilkS) (width 0.12))
    (fp_line (start 6.64 -0.08) (end 12.64 -0.08) (layer F.SilkS) (width 0.12))
    (fp_line (start 6.64 0.04) (end 12.64 0.04) (layer F.SilkS) (width 0.12))
    (fp_line (start 6.64 0.16) (end 12.64 0.16) (layer F.SilkS) (width 0.12))
    (fp_line (start 6.64 0.28) (end 12.64 0.28) (layer F.SilkS) (width 0.12))
    (fp_line (start 3.582929 -0.38) (end 3.98 -0.38) (layer F.SilkS) (width 0.12))
    (fp_line (start 3.582929 0.38) (end 3.98 0.38) (layer F.SilkS) (width 0.12))
    (fp_line (start 1.11 -0.38) (end 1.497071 -0.38) (layer F.SilkS) (width 0.12))
    (fp_line (start 1.11 0.38) (end 1.497071 0.38) (layer F.SilkS) (width 0.12))
    (fp_line (start 3.98 1.27) (end 6.64 1.27) (layer F.SilkS) (width 0.12))
    (fp_line (start 6.64 2.16) (end 12.64 2.16) (layer F.SilkS) (width 0.12))
    (fp_line (start 12.64 2.16) (end 12.64 2.92) (layer F.SilkS) (width 0.12))
    (fp_line (start 12.64 2.92) (end 6.64 2.92) (layer F.SilkS) (width 0.12))
    (fp_line (start 3.582929 2.16) (end 3.98 2.16) (layer F.SilkS) (width 0.12))
    (fp_line (start 3.582929 2.92) (end 3.98 2.92) (layer F.SilkS) (width 0.12))
    (fp_line (start 1.042929 2.16) (end 1.497071 2.16) (layer F.SilkS) (width 0.12))
    (fp_line (start 1.042929 2.92) (end 1.497071 2.92) (layer F.SilkS) (width 0.12))
    (fp_line (start 3.98 3.81) (end 6.64 3.81) (layer F.SilkS) (width 0.12))
    (fp_line (start 6.64 4.7) (end 12.64 4.7) (layer F.SilkS) (width 0.12))
    (fp_line (start 12.64 4.7) (end 12.64 5.46) (layer F.SilkS) (width 0.12))
    (fp_line (start 12.64 5.46) (end 6.64 5.46) (layer F.SilkS) (width 0.12))
    (fp_line (start 3.582929 4.7) (end 3.98 4.7) (layer F.SilkS) (width 0.12))
    (fp_line (start 3.582929 5.46) (end 3.98 5.46) (layer F.SilkS) (width 0.12))
    (fp_line (start 1.042929 4.7) (end 1.497071 4.7) (layer F.SilkS) (width 0.12))
    (fp_line (start 1.042929 5.46) (end 1.497071 5.46) (layer F.SilkS) (width 0.12))
    (fp_line (start 3.98 6.35) (end 6.64 6.35) (layer F.SilkS) (width 0.12))
    (fp_line (start 6.64 7.24) (end 12.64 7.24) (layer F.SilkS) (width 0.12))
    (fp_line (start 12.64 7.24) (end 12.64 8) (layer F.SilkS) (width 0.12))
    (fp_line (start 12.64 8) (end 6.64 8) (layer F.SilkS) (width 0.12))
    (fp_line (start 3.582929 7.24) (end 3.98 7.24) (layer F.SilkS) (width 0.12))
    (fp_line (start 3.582929 8) (end 3.98 8) (layer F.SilkS) (width 0.12))
    (fp_line (start 1.042929 7.24) (end 1.497071 7.24) (layer F.SilkS) (width 0.12))
    (fp_line (start 1.042929 8) (end 1.497071 8) (layer F.SilkS) (width 0.12))
    (fp_line (start -1.27 0) (end -1.27 -1.27) (layer F.SilkS) (width 0.12))
    (fp_line (start -1.27 -1.27) (end 0 -1.27) (layer F.SilkS) (width 0.12))
    (fp_line (start -1.8 -1.8) (end -1.8 9.4) (layer F.CrtYd) (width 0.05))
    (fp_line (start -1.8 9.4) (end 13.1 9.4) (layer F.CrtYd) (width 0.05))
    (fp_line (start 13.1 9.4) (end 13.1 -1.8) (layer F.CrtYd) (width 0.05))
    (fp_line (start 13.1 -1.8) (end -1.8 -1.8) (layer F.CrtYd) (width 0.05))
    (fp_text user %R (at 5.31 3.81) (layer F.Fab)
      (effects (font (size 0.8636 1.143) (thickness 0.254)))
    )
    (pad 1 thru_hole rect (at 0 0 90) (size 1.7 1.7) (drill 1) (layers *.Cu *.Mask)
      (net 2 GND))
    (pad 2 thru_hole oval (at 2.54 0 90) (size 1.7 1.7) (drill 1) (layers *.Cu *.Mask)
      (net 2 GND))
    (pad 3 thru_hole oval (at 0 2.54 90) (size 1.7 1.7) (drill 1) (layers *.Cu *.Mask)
      (net 26 "Net-(J5-Pad3)"))
    (pad 4 thru_hole oval (at 2.54 2.54 90) (size 1.7 1.7) (drill 1) (layers *.Cu *.Mask)
      (net 25 /AOUT))
    (pad 5 thru_hole oval (at 0 5.08 90) (size 1.7 1.7) (drill 1) (layers *.Cu *.Mask)
      (net 27 "Net-(J5-Pad5)"))
    (pad 6 thru_hole oval (at 2.54 5.08 90) (size 1.7 1.7) (drill 1) (layers *.Cu *.Mask)
      (net 7 /VSYNC))
    (pad 7 thru_hole oval (at 0 7.62 90) (size 1.7 1.7) (drill 1) (layers *.Cu *.Mask)
      (net 28 "Net-(J5-Pad7)"))
    (pad 8 thru_hole oval (at 2.54 7.62 90) (size 1.7 1.7) (drill 1) (layers *.Cu *.Mask)
      (net 6 /HSYNC))
    (model ${KISYS3DMOD}/Connector_PinHeader_2.54mm.3dshapes/PinHeader_2x04_P2.54mm_Horizontal.wrl
      (at (xyz 0 0 0))
      (scale (xyz 1 1 1))
      (rotate (xyz 0 0 0))
    )
  )

  (module Resistor_SMD:R_0805_2012Metric_Pad1.15x1.40mm_HandSolder (layer F.Cu) (tedit 5B36C52B) (tstamp 5DF9586B)
    (at 124.6124 94.0054 180)
    (descr "Resistor SMD 0805 (2012 Metric), square (rectangular) end terminal, IPC_7351 nominal with elongated pad for handsoldering. (Body size source: https://docs.google.com/spreadsheets/d/1BsfQQcO9C6DZCsRaXUlFlo91Tg2WpOkGARC1WS5S8t0/edit?usp=sharing), generated with kicad-footprint-generator")
    (tags "resistor handsolder")
    (path /5E24B595)
    (attr smd)
    (fp_text reference R7 (at 0 2.032 180) (layer F.SilkS)
      (effects (font (size 0.8636 1.143) (thickness 0.254)))
    )
    (fp_text value 270 (at 0 1.65 180) (layer F.Fab)
      (effects (font (size 1 1) (thickness 0.15)))
    )
    (fp_line (start -1 0.6) (end -1 -0.6) (layer F.Fab) (width 0.1))
    (fp_line (start -1 -0.6) (end 1 -0.6) (layer F.Fab) (width 0.1))
    (fp_line (start 1 -0.6) (end 1 0.6) (layer F.Fab) (width 0.1))
    (fp_line (start 1 0.6) (end -1 0.6) (layer F.Fab) (width 0.1))
    (fp_line (start -0.261252 -0.71) (end 0.261252 -0.71) (layer F.SilkS) (width 0.12))
    (fp_line (start -0.261252 0.71) (end 0.261252 0.71) (layer F.SilkS) (width 0.12))
    (fp_line (start -1.85 0.95) (end -1.85 -0.95) (layer F.CrtYd) (width 0.05))
    (fp_line (start -1.85 -0.95) (end 1.85 -0.95) (layer F.CrtYd) (width 0.05))
    (fp_line (start 1.85 -0.95) (end 1.85 0.95) (layer F.CrtYd) (width 0.05))
    (fp_line (start 1.85 0.95) (end -1.85 0.95) (layer F.CrtYd) (width 0.05))
    (fp_text user %R (at 0 0 180) (layer F.Fab)
      (effects (font (size 0.8636 1.143) (thickness 0.254)))
    )
    (pad 1 smd roundrect (at -1.025 0 180) (size 1.15 1.4) (layers F.Cu F.Paste F.Mask) (roundrect_rratio 0.217391)
      (net 5 "Net-(C1-Pad1)"))
    (pad 2 smd roundrect (at 1.025 0 180) (size 1.15 1.4) (layers F.Cu F.Paste F.Mask) (roundrect_rratio 0.217391)
      (net 14 /AUDIO))
    (model ${KISYS3DMOD}/Resistor_SMD.3dshapes/R_0805_2012Metric.wrl
      (at (xyz 0 0 0))
      (scale (xyz 1 1 1))
      (rotate (xyz 0 0 0))
    )
  )

  (module LandBoards_BoardOutlines:ESP32_EXP (layer F.Cu) (tedit 5C8D3EBE) (tstamp 5C8D4EC5)
    (at 133.2357 111.8108 180)
    (path /5C875761)
    (fp_text reference U1 (at 11 40 180) (layer F.SilkS)
      (effects (font (size 0.8636 1.143) (thickness 0.254)))
    )
    (fp_text value "ESP32 MODULE" (at 0 -0.5 180) (layer F.Fab)
      (effects (font (size 1 1) (thickness 0.15)))
    )
    (fp_line (start -12.7 -2.54) (end 12.7 -2.54) (layer F.SilkS) (width 0.15))
    (fp_line (start 12.7 -2.54) (end 12.7 0) (layer F.SilkS) (width 0.15))
    (fp_line (start -12.7 -2.54) (end -12.7 0) (layer F.SilkS) (width 0.15))
    (fp_line (start -12.7 35.56) (end -12.7 38.1) (layer F.SilkS) (width 0.15))
    (fp_line (start -12.7 38.1) (end 12.7 38.1) (layer F.SilkS) (width 0.15))
    (fp_line (start 12.7 38.1) (end 12.7 35.56) (layer F.SilkS) (width 0.15))
    (pad 1 thru_hole circle (at -12.7 0 180) (size 1.524 1.524) (drill 0.762) (layers *.Cu *.Mask)
      (net 3 +3V3))
    (pad 2 thru_hole circle (at -12.7 2.54 180) (size 1.524 1.524) (drill 0.762) (layers *.Cu *.Mask)
      (net 2 GND))
    (pad 3 thru_hole circle (at -12.7 5.08 180) (size 1.524 1.524) (drill 0.762) (layers *.Cu *.Mask)
      (net 7 /VSYNC))
    (pad 4 thru_hole circle (at -12.7 7.62 180) (size 1.524 1.524) (drill 0.762) (layers *.Cu *.Mask)
      (net 4 /TX2))
    (pad 5 thru_hole circle (at -12.7 10.16 180) (size 1.524 1.524) (drill 0.762) (layers *.Cu *.Mask)
      (net 12 /BLUHI))
    (pad 6 thru_hole circle (at -12.7 12.7 180) (size 1.524 1.524) (drill 0.762) (layers *.Cu *.Mask))
    (pad 7 thru_hole circle (at -12.7 15.24 180) (size 1.524 1.524) (drill 0.762) (layers *.Cu *.Mask))
    (pad 8 thru_hole circle (at -12.7 17.78 180) (size 1.524 1.524) (drill 0.762) (layers *.Cu *.Mask)
      (net 13 /BLULO))
    (pad 9 thru_hole circle (at -12.7 20.32 180) (size 1.524 1.524) (drill 0.762) (layers *.Cu *.Mask)
      (net 10 /GRNHI))
    (pad 10 thru_hole circle (at -12.7 22.86 180) (size 1.524 1.524) (drill 0.762) (layers *.Cu *.Mask)
      (net 11 /GRNLO))
    (pad 11 thru_hole circle (at -12.7 25.4 180) (size 1.524 1.524) (drill 0.762) (layers *.Cu *.Mask)
      (net 8 /REDHI))
    (pad 12 thru_hole circle (at -12.7 27.94 180) (size 1.524 1.524) (drill 0.762) (layers *.Cu *.Mask))
    (pad 13 thru_hole circle (at -12.7 30.48 180) (size 1.524 1.524) (drill 0.762) (layers *.Cu *.Mask))
    (pad 14 thru_hole circle (at -12.7 33.02 180) (size 1.524 1.524) (drill 0.762) (layers *.Cu *.Mask)
      (net 9 /REDLO))
    (pad 15 thru_hole circle (at -12.7 35.56 180) (size 1.524 1.524) (drill 0.762) (layers *.Cu *.Mask)
      (net 6 /HSYNC))
    (pad 16 thru_hole circle (at 12.7 35.56 180) (size 1.524 1.524) (drill 0.762) (layers *.Cu *.Mask))
    (pad 17 thru_hole circle (at 12.7 33.02 180) (size 1.524 1.524) (drill 0.762) (layers *.Cu *.Mask))
    (pad 18 thru_hole circle (at 12.7 30.48 180) (size 1.524 1.524) (drill 0.762) (layers *.Cu *.Mask))
    (pad 19 thru_hole circle (at 12.7 27.94 180) (size 1.524 1.524) (drill 0.762) (layers *.Cu *.Mask)
      (net 19 /RX2))
    (pad 20 thru_hole circle (at 12.7 25.4 180) (size 1.524 1.524) (drill 0.762) (layers *.Cu *.Mask))
    (pad 21 thru_hole circle (at 12.7 22.86 180) (size 1.524 1.524) (drill 0.762) (layers *.Cu *.Mask)
      (net 15 /KBDAT))
    (pad 22 thru_hole circle (at 12.7 20.32 180) (size 1.524 1.524) (drill 0.762) (layers *.Cu *.Mask)
      (net 16 /KBCLK))
    (pad 23 thru_hole circle (at 12.7 17.78 180) (size 1.524 1.524) (drill 0.762) (layers *.Cu *.Mask)
      (net 14 /AUDIO))
    (pad 24 thru_hole circle (at 12.7 15.24 180) (size 1.524 1.524) (drill 0.762) (layers *.Cu *.Mask)
      (net 17 /MSECLK))
    (pad 25 thru_hole circle (at 12.7 12.7 180) (size 1.524 1.524) (drill 0.762) (layers *.Cu *.Mask)
      (net 18 /MSEDAT))
    (pad 26 thru_hole circle (at 12.7 10.16 180) (size 1.524 1.524) (drill 0.762) (layers *.Cu *.Mask))
    (pad 27 thru_hole circle (at 12.7 7.62 180) (size 1.524 1.524) (drill 0.762) (layers *.Cu *.Mask))
    (pad 28 thru_hole circle (at 12.7 5.08 180) (size 1.524 1.524) (drill 0.762) (layers *.Cu *.Mask))
    (pad 29 thru_hole circle (at 12.7 2.54 180) (size 1.524 1.524) (drill 0.762) (layers *.Cu *.Mask)
      (net 2 GND))
    (pad 30 thru_hole circle (at 12.7 0 180) (size 1.524 1.524) (drill 0.762) (layers *.Cu *.Mask)
      (net 1 +5V))
  )

  (module Resistor_SMD:R_0805_2012Metric_Pad1.15x1.40mm_HandSolder (layer F.Cu) (tedit 5B36C52B) (tstamp 5DF9580B)
    (at 141.5923 86.4108)
    (descr "Resistor SMD 0805 (2012 Metric), square (rectangular) end terminal, IPC_7351 nominal with elongated pad for handsoldering. (Body size source: https://docs.google.com/spreadsheets/d/1BsfQQcO9C6DZCsRaXUlFlo91Tg2WpOkGARC1WS5S8t0/edit?usp=sharing), generated with kicad-footprint-generator")
    (tags "resistor handsolder")
    (path /5DEE8BF6)
    (attr smd)
    (fp_text reference R1 (at 0.7366 -1.8034 180) (layer F.SilkS)
      (effects (font (size 0.8636 1.143) (thickness 0.254)))
    )
    (fp_text value 422 (at 0 1.65 180) (layer F.Fab)
      (effects (font (size 1 1) (thickness 0.15)))
    )
    (fp_line (start -1 0.6) (end -1 -0.6) (layer F.Fab) (width 0.1))
    (fp_line (start -1 -0.6) (end 1 -0.6) (layer F.Fab) (width 0.1))
    (fp_line (start 1 -0.6) (end 1 0.6) (layer F.Fab) (width 0.1))
    (fp_line (start 1 0.6) (end -1 0.6) (layer F.Fab) (width 0.1))
    (fp_line (start -0.261252 -0.71) (end 0.261252 -0.71) (layer F.SilkS) (width 0.12))
    (fp_line (start -0.261252 0.71) (end 0.261252 0.71) (layer F.SilkS) (width 0.12))
    (fp_line (start -1.85 0.95) (end -1.85 -0.95) (layer F.CrtYd) (width 0.05))
    (fp_line (start -1.85 -0.95) (end 1.85 -0.95) (layer F.CrtYd) (width 0.05))
    (fp_line (start 1.85 -0.95) (end 1.85 0.95) (layer F.CrtYd) (width 0.05))
    (fp_line (start 1.85 0.95) (end -1.85 0.95) (layer F.CrtYd) (width 0.05))
    (fp_text user %R (at 0 0 180) (layer F.Fab)
      (effects (font (size 0.8636 1.143) (thickness 0.254)))
    )
    (pad 1 smd roundrect (at -1.025 0) (size 1.15 1.4) (layers F.Cu F.Paste F.Mask) (roundrect_rratio 0.217391)
      (net 28 "Net-(J5-Pad7)"))
    (pad 2 smd roundrect (at 1.025 0) (size 1.15 1.4) (layers F.Cu F.Paste F.Mask) (roundrect_rratio 0.217391)
      (net 8 /REDHI))
    (model ${KISYS3DMOD}/Resistor_SMD.3dshapes/R_0805_2012Metric.wrl
      (at (xyz 0 0 0))
      (scale (xyz 1 1 1))
      (rotate (xyz 0 0 0))
    )
  )

  (module Resistor_SMD:R_0805_2012Metric_Pad1.15x1.40mm_HandSolder (layer F.Cu) (tedit 5B36C52B) (tstamp 5DF9581B)
    (at 141.5796 78.8543)
    (descr "Resistor SMD 0805 (2012 Metric), square (rectangular) end terminal, IPC_7351 nominal with elongated pad for handsoldering. (Body size source: https://docs.google.com/spreadsheets/d/1BsfQQcO9C6DZCsRaXUlFlo91Tg2WpOkGARC1WS5S8t0/edit?usp=sharing), generated with kicad-footprint-generator")
    (tags "resistor handsolder")
    (path /5DEE8E1C)
    (attr smd)
    (fp_text reference R2 (at 0.6731 1.7272 180) (layer F.SilkS)
      (effects (font (size 0.8636 1.143) (thickness 0.254)))
    )
    (fp_text value 845 (at 0 1.65 180) (layer F.Fab)
      (effects (font (size 1 1) (thickness 0.15)))
    )
    (fp_text user %R (at 0 0 180) (layer F.Fab)
      (effects (font (size 0.8636 1.143) (thickness 0.254)))
    )
    (fp_line (start 1.85 0.95) (end -1.85 0.95) (layer F.CrtYd) (width 0.05))
    (fp_line (start 1.85 -0.95) (end 1.85 0.95) (layer F.CrtYd) (width 0.05))
    (fp_line (start -1.85 -0.95) (end 1.85 -0.95) (layer F.CrtYd) (width 0.05))
    (fp_line (start -1.85 0.95) (end -1.85 -0.95) (layer F.CrtYd) (width 0.05))
    (fp_line (start -0.261252 0.71) (end 0.261252 0.71) (layer F.SilkS) (width 0.12))
    (fp_line (start -0.261252 -0.71) (end 0.261252 -0.71) (layer F.SilkS) (width 0.12))
    (fp_line (start 1 0.6) (end -1 0.6) (layer F.Fab) (width 0.1))
    (fp_line (start 1 -0.6) (end 1 0.6) (layer F.Fab) (width 0.1))
    (fp_line (start -1 -0.6) (end 1 -0.6) (layer F.Fab) (width 0.1))
    (fp_line (start -1 0.6) (end -1 -0.6) (layer F.Fab) (width 0.1))
    (pad 2 smd roundrect (at 1.025 0) (size 1.15 1.4) (layers F.Cu F.Paste F.Mask) (roundrect_rratio 0.217391)
      (net 9 /REDLO))
    (pad 1 smd roundrect (at -1.025 0) (size 1.15 1.4) (layers F.Cu F.Paste F.Mask) (roundrect_rratio 0.217391)
      (net 28 "Net-(J5-Pad7)"))
    (model ${KISYS3DMOD}/Resistor_SMD.3dshapes/R_0805_2012Metric.wrl
      (at (xyz 0 0 0))
      (scale (xyz 1 1 1))
      (rotate (xyz 0 0 0))
    )
  )

  (module Resistor_SMD:R_0805_2012Metric_Pad1.15x1.40mm_HandSolder (layer F.Cu) (tedit 5B36C52B) (tstamp 5DF9582B)
    (at 141.5923 91.4654)
    (descr "Resistor SMD 0805 (2012 Metric), square (rectangular) end terminal, IPC_7351 nominal with elongated pad for handsoldering. (Body size source: https://docs.google.com/spreadsheets/d/1BsfQQcO9C6DZCsRaXUlFlo91Tg2WpOkGARC1WS5S8t0/edit?usp=sharing), generated with kicad-footprint-generator")
    (tags "resistor handsolder")
    (path /5DEE8E68)
    (attr smd)
    (fp_text reference R3 (at -2.7432 0 270) (layer F.SilkS)
      (effects (font (size 0.8636 1.143) (thickness 0.254)))
    )
    (fp_text value 422 (at 0 1.65 180) (layer F.Fab)
      (effects (font (size 1 1) (thickness 0.15)))
    )
    (fp_line (start -1 0.6) (end -1 -0.6) (layer F.Fab) (width 0.1))
    (fp_line (start -1 -0.6) (end 1 -0.6) (layer F.Fab) (width 0.1))
    (fp_line (start 1 -0.6) (end 1 0.6) (layer F.Fab) (width 0.1))
    (fp_line (start 1 0.6) (end -1 0.6) (layer F.Fab) (width 0.1))
    (fp_line (start -0.261252 -0.71) (end 0.261252 -0.71) (layer F.SilkS) (width 0.12))
    (fp_line (start -0.261252 0.71) (end 0.261252 0.71) (layer F.SilkS) (width 0.12))
    (fp_line (start -1.85 0.95) (end -1.85 -0.95) (layer F.CrtYd) (width 0.05))
    (fp_line (start -1.85 -0.95) (end 1.85 -0.95) (layer F.CrtYd) (width 0.05))
    (fp_line (start 1.85 -0.95) (end 1.85 0.95) (layer F.CrtYd) (width 0.05))
    (fp_line (start 1.85 0.95) (end -1.85 0.95) (layer F.CrtYd) (width 0.05))
    (fp_text user %R (at 0 0 180) (layer F.Fab)
      (effects (font (size 0.8636 1.143) (thickness 0.254)))
    )
    (pad 1 smd roundrect (at -1.025 0) (size 1.15 1.4) (layers F.Cu F.Paste F.Mask) (roundrect_rratio 0.217391)
      (net 27 "Net-(J5-Pad5)"))
    (pad 2 smd roundrect (at 1.025 0) (size 1.15 1.4) (layers F.Cu F.Paste F.Mask) (roundrect_rratio 0.217391)
      (net 10 /GRNHI))
    (model ${KISYS3DMOD}/Resistor_SMD.3dshapes/R_0805_2012Metric.wrl
      (at (xyz 0 0 0))
      (scale (xyz 1 1 1))
      (rotate (xyz 0 0 0))
    )
  )

  (module Resistor_SMD:R_0805_2012Metric_Pad1.15x1.40mm_HandSolder (layer F.Cu) (tedit 5B36C52B) (tstamp 5DF9583B)
    (at 141.5923 88.9762)
    (descr "Resistor SMD 0805 (2012 Metric), square (rectangular) end terminal, IPC_7351 nominal with elongated pad for handsoldering. (Body size source: https://docs.google.com/spreadsheets/d/1BsfQQcO9C6DZCsRaXUlFlo91Tg2WpOkGARC1WS5S8t0/edit?usp=sharing), generated with kicad-footprint-generator")
    (tags "resistor handsolder")
    (path /5DEE8F5C)
    (attr smd)
    (fp_text reference R4 (at -2.6543 -0.0127 270) (layer F.SilkS)
      (effects (font (size 0.8636 1.143) (thickness 0.254)))
    )
    (fp_text value 845 (at 0 1.65 180) (layer F.Fab)
      (effects (font (size 1 1) (thickness 0.15)))
    )
    (fp_text user %R (at 0 0 180) (layer F.Fab)
      (effects (font (size 0.8636 1.143) (thickness 0.254)))
    )
    (fp_line (start 1.85 0.95) (end -1.85 0.95) (layer F.CrtYd) (width 0.05))
    (fp_line (start 1.85 -0.95) (end 1.85 0.95) (layer F.CrtYd) (width 0.05))
    (fp_line (start -1.85 -0.95) (end 1.85 -0.95) (layer F.CrtYd) (width 0.05))
    (fp_line (start -1.85 0.95) (end -1.85 -0.95) (layer F.CrtYd) (width 0.05))
    (fp_line (start -0.261252 0.71) (end 0.261252 0.71) (layer F.SilkS) (width 0.12))
    (fp_line (start -0.261252 -0.71) (end 0.261252 -0.71) (layer F.SilkS) (width 0.12))
    (fp_line (start 1 0.6) (end -1 0.6) (layer F.Fab) (width 0.1))
    (fp_line (start 1 -0.6) (end 1 0.6) (layer F.Fab) (width 0.1))
    (fp_line (start -1 -0.6) (end 1 -0.6) (layer F.Fab) (width 0.1))
    (fp_line (start -1 0.6) (end -1 -0.6) (layer F.Fab) (width 0.1))
    (pad 2 smd roundrect (at 1.025 0) (size 1.15 1.4) (layers F.Cu F.Paste F.Mask) (roundrect_rratio 0.217391)
      (net 11 /GRNLO))
    (pad 1 smd roundrect (at -1.025 0) (size 1.15 1.4) (layers F.Cu F.Paste F.Mask) (roundrect_rratio 0.217391)
      (net 27 "Net-(J5-Pad5)"))
    (model ${KISYS3DMOD}/Resistor_SMD.3dshapes/R_0805_2012Metric.wrl
      (at (xyz 0 0 0))
      (scale (xyz 1 1 1))
      (rotate (xyz 0 0 0))
    )
  )

  (module Resistor_SMD:R_0805_2012Metric_Pad1.15x1.40mm_HandSolder (layer F.Cu) (tedit 5B36C52B) (tstamp 5DF9584B)
    (at 141.6939 101.6127)
    (descr "Resistor SMD 0805 (2012 Metric), square (rectangular) end terminal, IPC_7351 nominal with elongated pad for handsoldering. (Body size source: https://docs.google.com/spreadsheets/d/1BsfQQcO9C6DZCsRaXUlFlo91Tg2WpOkGARC1WS5S8t0/edit?usp=sharing), generated with kicad-footprint-generator")
    (tags "resistor handsolder")
    (path /5DEE8F62)
    (attr smd)
    (fp_text reference R5 (at 0.0889 -1.8923 180) (layer F.SilkS)
      (effects (font (size 0.8636 1.143) (thickness 0.254)))
    )
    (fp_text value 422 (at 0 1.65 180) (layer F.Fab)
      (effects (font (size 1 1) (thickness 0.15)))
    )
    (fp_text user %R (at 0 0 180) (layer F.Fab)
      (effects (font (size 0.8636 1.143) (thickness 0.254)))
    )
    (fp_line (start 1.85 0.95) (end -1.85 0.95) (layer F.CrtYd) (width 0.05))
    (fp_line (start 1.85 -0.95) (end 1.85 0.95) (layer F.CrtYd) (width 0.05))
    (fp_line (start -1.85 -0.95) (end 1.85 -0.95) (layer F.CrtYd) (width 0.05))
    (fp_line (start -1.85 0.95) (end -1.85 -0.95) (layer F.CrtYd) (width 0.05))
    (fp_line (start -0.261252 0.71) (end 0.261252 0.71) (layer F.SilkS) (width 0.12))
    (fp_line (start -0.261252 -0.71) (end 0.261252 -0.71) (layer F.SilkS) (width 0.12))
    (fp_line (start 1 0.6) (end -1 0.6) (layer F.Fab) (width 0.1))
    (fp_line (start 1 -0.6) (end 1 0.6) (layer F.Fab) (width 0.1))
    (fp_line (start -1 -0.6) (end 1 -0.6) (layer F.Fab) (width 0.1))
    (fp_line (start -1 0.6) (end -1 -0.6) (layer F.Fab) (width 0.1))
    (pad 2 smd roundrect (at 1.025 0) (size 1.15 1.4) (layers F.Cu F.Paste F.Mask) (roundrect_rratio 0.217391)
      (net 12 /BLUHI))
    (pad 1 smd roundrect (at -1.025 0) (size 1.15 1.4) (layers F.Cu F.Paste F.Mask) (roundrect_rratio 0.217391)
      (net 26 "Net-(J5-Pad3)"))
    (model ${KISYS3DMOD}/Resistor_SMD.3dshapes/R_0805_2012Metric.wrl
      (at (xyz 0 0 0))
      (scale (xyz 1 1 1))
      (rotate (xyz 0 0 0))
    )
  )

  (module Resistor_SMD:R_0805_2012Metric_Pad1.15x1.40mm_HandSolder (layer F.Cu) (tedit 5B36C52B) (tstamp 5DF9585B)
    (at 141.6812 94.107)
    (descr "Resistor SMD 0805 (2012 Metric), square (rectangular) end terminal, IPC_7351 nominal with elongated pad for handsoldering. (Body size source: https://docs.google.com/spreadsheets/d/1BsfQQcO9C6DZCsRaXUlFlo91Tg2WpOkGARC1WS5S8t0/edit?usp=sharing), generated with kicad-footprint-generator")
    (tags "resistor handsolder")
    (path /5DEE8F68)
    (attr smd)
    (fp_text reference R6 (at -2.7051 -0.0635 270) (layer F.SilkS)
      (effects (font (size 0.8636 1.143) (thickness 0.254)))
    )
    (fp_text value 845 (at 0 1.65 180) (layer F.Fab)
      (effects (font (size 1 1) (thickness 0.15)))
    )
    (fp_line (start -1 0.6) (end -1 -0.6) (layer F.Fab) (width 0.1))
    (fp_line (start -1 -0.6) (end 1 -0.6) (layer F.Fab) (width 0.1))
    (fp_line (start 1 -0.6) (end 1 0.6) (layer F.Fab) (width 0.1))
    (fp_line (start 1 0.6) (end -1 0.6) (layer F.Fab) (width 0.1))
    (fp_line (start -0.261252 -0.71) (end 0.261252 -0.71) (layer F.SilkS) (width 0.12))
    (fp_line (start -0.261252 0.71) (end 0.261252 0.71) (layer F.SilkS) (width 0.12))
    (fp_line (start -1.85 0.95) (end -1.85 -0.95) (layer F.CrtYd) (width 0.05))
    (fp_line (start -1.85 -0.95) (end 1.85 -0.95) (layer F.CrtYd) (width 0.05))
    (fp_line (start 1.85 -0.95) (end 1.85 0.95) (layer F.CrtYd) (width 0.05))
    (fp_line (start 1.85 0.95) (end -1.85 0.95) (layer F.CrtYd) (width 0.05))
    (fp_text user %R (at 0 0 180) (layer F.Fab)
      (effects (font (size 0.8636 1.143) (thickness 0.254)))
    )
    (pad 1 smd roundrect (at -1.025 0) (size 1.15 1.4) (layers F.Cu F.Paste F.Mask) (roundrect_rratio 0.217391)
      (net 26 "Net-(J5-Pad3)"))
    (pad 2 smd roundrect (at 1.025 0) (size 1.15 1.4) (layers F.Cu F.Paste F.Mask) (roundrect_rratio 0.217391)
      (net 13 /BLULO))
    (model ${KISYS3DMOD}/Resistor_SMD.3dshapes/R_0805_2012Metric.wrl
      (at (xyz 0 0 0))
      (scale (xyz 1 1 1))
      (rotate (xyz 0 0 0))
    )
  )

  (module Resistor_SMD:R_0805_2012Metric_Pad1.15x1.40mm_HandSolder (layer F.Cu) (tedit 5B36C52B) (tstamp 5DF9587B)
    (at 134.4295 77.1652)
    (descr "Resistor SMD 0805 (2012 Metric), square (rectangular) end terminal, IPC_7351 nominal with elongated pad for handsoldering. (Body size source: https://docs.google.com/spreadsheets/d/1BsfQQcO9C6DZCsRaXUlFlo91Tg2WpOkGARC1WS5S8t0/edit?usp=sharing), generated with kicad-footprint-generator")
    (tags "resistor handsolder")
    (path /5E24BC5E)
    (attr smd)
    (fp_text reference R8 (at -3.1877 0.1524) (layer F.SilkS)
      (effects (font (size 0.8636 1.143) (thickness 0.254)))
    )
    (fp_text value 150 (at 0 1.65) (layer F.Fab)
      (effects (font (size 1 1) (thickness 0.15)))
    )
    (fp_text user %R (at 0 0) (layer F.Fab)
      (effects (font (size 0.8636 1.143) (thickness 0.254)))
    )
    (fp_line (start 1.85 0.95) (end -1.85 0.95) (layer F.CrtYd) (width 0.05))
    (fp_line (start 1.85 -0.95) (end 1.85 0.95) (layer F.CrtYd) (width 0.05))
    (fp_line (start -1.85 -0.95) (end 1.85 -0.95) (layer F.CrtYd) (width 0.05))
    (fp_line (start -1.85 0.95) (end -1.85 -0.95) (layer F.CrtYd) (width 0.05))
    (fp_line (start -0.261252 0.71) (end 0.261252 0.71) (layer F.SilkS) (width 0.12))
    (fp_line (start -0.261252 -0.71) (end 0.261252 -0.71) (layer F.SilkS) (width 0.12))
    (fp_line (start 1 0.6) (end -1 0.6) (layer F.Fab) (width 0.1))
    (fp_line (start 1 -0.6) (end 1 0.6) (layer F.Fab) (width 0.1))
    (fp_line (start -1 -0.6) (end 1 -0.6) (layer F.Fab) (width 0.1))
    (fp_line (start -1 0.6) (end -1 -0.6) (layer F.Fab) (width 0.1))
    (pad 2 smd roundrect (at 1.025 0) (size 1.15 1.4) (layers F.Cu F.Paste F.Mask) (roundrect_rratio 0.217391)
      (net 5 "Net-(C1-Pad1)"))
    (pad 1 smd roundrect (at -1.025 0) (size 1.15 1.4) (layers F.Cu F.Paste F.Mask) (roundrect_rratio 0.217391)
      (net 2 GND))
    (model ${KISYS3DMOD}/Resistor_SMD.3dshapes/R_0805_2012Metric.wrl
      (at (xyz 0 0 0))
      (scale (xyz 1 1 1))
      (rotate (xyz 0 0 0))
    )
  )

  (module LandBoards_Marking:TEST_BLK-REAR (layer F.Cu) (tedit 5E35AA03) (tstamp 5DF958A1)
    (at 18.4404 77.0382)
    (path /59399B7A)
    (fp_text reference TEST1 (at 0 -3.5) (layer B.SilkS)
      (effects (font (size 0.8636 1.143) (thickness 0.254)) (justify mirror))
    )
    (fp_text value COUPON (at 0 4) (layer F.SilkS) hide
      (effects (font (size 1.524 1.524) (thickness 0.3048)))
    )
    (fp_line (start -2 -2) (end 2 -2) (layer B.SilkS) (width 0.65))
    (fp_line (start 2 -2) (end 2 2) (layer B.SilkS) (width 0.65))
    (fp_line (start 2 2) (end -2 2) (layer B.SilkS) (width 0.65))
    (fp_line (start -2 2) (end -2 -2) (layer B.SilkS) (width 0.65))
    (fp_line (start -2 -2) (end -2 -1.5) (layer B.SilkS) (width 0.65))
    (fp_line (start -2 -1.5) (end 2 -1.5) (layer B.SilkS) (width 0.65))
    (fp_line (start 2 -1.5) (end 2 -1) (layer B.SilkS) (width 0.65))
    (fp_line (start 2 -1) (end -2 -1) (layer B.SilkS) (width 0.65))
    (fp_line (start -2 -1) (end -2 -0.5) (layer B.SilkS) (width 0.65))
    (fp_line (start -2 -0.5) (end 2 -0.5) (layer B.SilkS) (width 0.65))
    (fp_line (start 2 -0.5) (end 2 0) (layer B.SilkS) (width 0.65))
    (fp_line (start 2 0) (end -2 0) (layer B.SilkS) (width 0.65))
    (fp_line (start -2 0) (end -2 0.5) (layer B.SilkS) (width 0.65))
    (fp_line (start -2 0.5) (end 1.5 0.5) (layer B.SilkS) (width 0.65))
    (fp_line (start 1.5 0.5) (end 2 0.5) (layer B.SilkS) (width 0.65))
    (fp_line (start 2 0.5) (end 2 1) (layer B.SilkS) (width 0.65))
    (fp_line (start 2 1) (end -2 1) (layer B.SilkS) (width 0.65))
    (fp_line (start -2 1) (end -2 1.5) (layer B.SilkS) (width 0.65))
    (fp_line (start -2 1.5) (end 2 1.5) (layer B.SilkS) (width 0.65))
  )

  (module LandBoards_Conns:Connector_Mini-DIN_Female_6Pin_2rows (layer F.Cu) (tedit 58E946D2) (tstamp 5DFA1C7C)
    (at 152.0698 80.2259 90)
    (descr "A footprint for the generic 6 pin Mini-DIN through hole connector with shell.")
    (tags "mini din 6pin connector socket")
    (path /5E0DDD97)
    (fp_text reference P2 (at 7.6708 -1.143 180) (layer F.SilkS)
      (effects (font (size 0.8636 1.143) (thickness 0.254)))
    )
    (fp_text value "MINI-DIN6, PS2 (PURP)" (at -0.03 10.15 90) (layer F.Fab)
      (effects (font (size 1 1) (thickness 0.15)))
    )
    (fp_text user %R (at -1.27 -6.35 90) (layer F.Fab)
      (effects (font (size 0.8636 1.143) (thickness 0.254)))
    )
    (fp_line (start 6.7 -4.3) (end 6.7 8.5) (layer F.Fab) (width 0.1))
    (fp_line (start 6.7 8.5) (end -9.3 8.5) (layer F.Fab) (width 0.1))
    (fp_line (start -9.3 8.5) (end -9.3 -4.3) (layer F.Fab) (width 0.1))
    (fp_line (start -9.3 -4.3) (end 6.7 -4.3) (layer F.Fab) (width 0.1))
